112606.251051226 2.39542875271137e-16 2.35656728927887e-16 2.43429021614387e-16
142786.615593472 1.48579518795509e-16 1.46370078063184e-16 1.50788959527834e-16
181055.824186555 9.21583311331413e-17 9.09080523019016e-17 9.34086099643809e-17
229581.822747338 5.71623679695016e-17 5.64577618967459e-17 5.78669740422573e-17
291113.603071291 3.54556755394309e-17 3.50596580947763e-17 3.58516929840855e-17
369136.932876502 2.19918237346649e-17 2.17692277102533e-17 2.22144197590764e-17
468071.824112259 1.36406993430988e-17 1.35149678123645e-17 1.37664308738331e-17
593522.926087366 8.46080941150721e-18 8.38892001571403e-18 8.53269880730038e-18
752597.028157849 5.24791801565112e-18 5.20592401941595e-18 5.28991201188629e-18
954305.65846188 3.25508239432953e-18 3.22980336625965e-18 3.28036142239942e-18
1210075.58587031 2.01900175158569e-18 2.00325653135419e-18 2.03474697181719e-18
1534396.14502492 1.25230786342986e-18 1.2421902837811e-18 1.26242544307861e-18
1945640.05534746 7.76756939601457e-19 7.70105619775078e-19 7.83408259427837e-19
2467104.23331454 4.81791016269313e-19 4.77361501644404e-19 4.86220530894221e-19
3128329.55988436 2.98835127317888e-19 2.95871671585264e-19 3.01798583050512e-19
3966774.36773649 1.85354795009318e-19 1.8337461372367e-19 1.87334976294967e-19
5029936.45116879 1.14967484367125e-19 1.13650648144933e-19 1.16284320589317e-19
6378043.81024912 7.13091063999098e-20 7.04391651234568e-20 7.21790476763629e-20
8087466.55954362 4.4229638586354e-20 4.36589409489283e-20 4.48003362237797e-20
10255043.285628 2.74334101992794e-20 2.70612239819635e-20 2.78055964165953e-20
13003566.9409974 1.7015459476233e-20 1.67733850749824e-20 1.72575338774836e-20
16488741.0495845 1.05536907842839e-20 1.03956467848827e-20 1.07117347836851e-20
20908000.2920645 6.5457737972374e-21 6.44106461512042e-21 6.65048297935439e-21
26511695.1560098 4.05987326959102e-21 3.98841862054699e-21 4.13132791863505e-21
33617274.2599379 2.51800992952417e-21 2.46707499708334e-21 2.568944861965e-21
42627267.7781488 1.56168748094305e-21 1.52356788598965e-21 1.59980707589644e-21
54052090.7251378 9.68546178373936e-22 9.38815200653135e-22 9.98277156094736e-22
68538957.9028144 6.0066625816806e-22 5.76845278749544e-22 6.24487237586577e-22
86908548.5386981 3.72502574647347e-22 3.53159358138769e-22 3.91845791155924e-22
110201497.662297 2.3099572322939e-22 2.15222065599988e-22 2.46769380858793e-22
139737347.950364 1.43235769990636e-22 1.30384064545055e-22 1.56087475436217e-22
177189301.655759 8.88105696332982e-23 7.83735211214517e-23 9.92476181451447e-23
