112606.251051226 1.20114023666304e-16 1.17135771888026e-16 1.23092275444581e-16
142786.615593472 7.46340891317921e-17 7.29357939046704e-17 7.63323843589139e-17
181055.824186555 4.63744093607092e-17 4.54107911748679e-17 4.73380275465504e-17
229581.822747338 2.88148620413091e-17 2.82706474672712e-17 2.93590766153469e-17
291113.603071291 1.79040339343101e-17 1.7597818377927e-17 1.82102494906931e-17
369136.932876502 1.11244978001968e-17 1.09524744126382e-17 1.12965211877554e-17
468071.824112259 6.9120014054281e-18 6.81514128485173e-18 7.00886152600446e-18
593522.926087366 4.29456778755821e-18 4.23955398017529e-18 4.34958159494113e-18
752597.028157849 2.6682423220299e-18 2.63644119185882e-18 2.70004345220097e-18
954305.65846188 1.65774833122753e-18 1.63885497954796e-18 1.67664168290709e-18
1210075.58587031 1.029902498436e-18 1.0182872114573e-18 1.04151778541469e-18
1534396.14502492 6.39813744854869e-19 6.32424245064582e-19 6.47203244645156e-19
1945640.05534746 3.9745282223638e-19 3.92621624260592e-19 4.02284020212168e-19
2467104.23331454 2.46879684395637e-19 2.43666666405741e-19 2.50092702385533e-19
3128329.55988436 1.5333603424087e-19 1.51183028051534e-19 1.55489040430206e-19
3966774.36773649 9.52250577021482e-20 9.3781601601255e-20 9.66685138030414e-20
5029936.45116879 5.91279072969924e-20 5.81639139594462e-20 6.00919006345386e-20
6378043.81024912 3.67071270778047e-20 3.60673287235038e-20 3.73469254321055e-20
8087466.55954362 2.27825619004013e-20 2.23608544483853e-20 2.32042693524173e-20
10255043.285628 1.41358088415413e-20 1.38595095085788e-20 1.44121081745039e-20
13003566.9409974 8.76735877971287e-21 8.58686557310422e-21 8.94785198632152e-21
16488741.0495845 5.4350224948771e-21 5.31674430762604e-21 5.55330068212816e-21
20908000.2920645 3.36713549525434e-21 3.28858554519673e-21 3.44568544531196e-21
26511695.1560098 2.08436257198178e-21 2.03075945018462e-21 2.13796569377893e-21
33617274.2599379 1.28898088718114e-21 1.25089780760934e-21 1.32706396675293e-21
42627267.7781488 7.96090506243673e-22 7.67779560920038e-22 8.24401451567307e-22
54052090.7251378 4.9087601957511e-22 4.68999204969567e-22 5.12752834180653e-22
68538957.9028144 3.02054432345917e-22 2.84720745947293e-22 3.1938811874454e-22
86908548.5386981 1.85379838007329e-22 1.71486595847087e-22 1.9927308016757e-22
110201497.662297 1.13396376070863e-22 1.02241598236651e-22 1.24551153905075e-22
139737347.950364 6.9073130214062e-23 6.0156341087984e-23 7.798991934014e-23
177189301.655759 4.18507065009802e-23 3.47801693239008e-23 4.89212436780597e-23
