112606.251051226 2.42672866832183e-16 2.38592104785977e-16 2.46753628878388e-16
142786.615593472 1.5057404433141e-16 1.48268901706283e-16 1.52879186956537e-16
181055.824186555 9.34163070735268e-17 9.21213478567851e-17 9.47112662902685e-17
229581.822747338 5.79460537972923e-17 5.72220499620041e-17 5.86700576325806e-17
291113.603071291 3.59363933388181e-17 3.55327747590471e-17 3.63400119185891e-17
369136.932876502 2.22807751086056e-17 2.20555622182009e-17 2.25059879990103e-17
468071.824112259 1.38095813758883e-17 1.36829731086105e-17 1.3936189643166e-17
593522.926087366 8.5555143363107e-18 8.48310832462996e-18 8.62792034799144e-18
752597.028157849 5.2975814941843e-18 5.25498796444079e-18 5.34017502392781e-18
954305.65846188 3.27802561708569e-18 3.25204567656859e-18 3.30400555760278e-18
1210075.58587031 2.02661223196025e-18 2.01018053625039e-18 2.04304392767012e-18
1534396.14502492 1.2515601287491e-18 1.24087195826335e-18 1.26224829923484e-18
1945640.05534746 7.71840582294783e-19 7.64775769985377e-19 7.78905394604188e-19
2467104.23331454 4.75155908984059e-19 4.70462171798108e-19 4.7984964617001e-19
3128329.55988436 2.91858017195869e-19 2.88748197212252e-19 2.94967837179485e-19
3966774.36773649 1.78761215969251e-19 1.76716454607529e-19 1.80805977330973e-19
5029936.45116879 1.09096411922972e-19 1.07765387794019e-19 1.10427436051924e-19
6378043.81024912 6.62771485417602e-20 6.54196441793838e-20 6.71346529041367e-20
8087466.55954362 4.00314800924426e-20 3.94835318386844e-20 4.05794283462007e-20
10255043.285628 2.4002128896529e-20 2.36528869909786e-20 2.43513708020794e-20
13003566.9409974 1.4257824541576e-20 1.40336012393031e-20 1.44820478438488e-20
16488741.0495845 8.37005149884332e-21 8.22317247533113e-21 8.51693052235552e-21
20908000.2920645 4.84060667278383e-21 4.74147716812626e-21 4.9397361774414e-21
26511695.1560098 2.74678896865126e-21 2.67795635664191e-21 2.81562158066061e-21
33617274.2599379 1.52157904163844e-21 1.47311241179051e-21 1.57004567148638e-21
42627267.7781488 8.17532462958676e-22 7.83648619204865e-22 8.51416306712487e-22
54052090.7251378 4.22574415171606e-22 3.99539403799646e-22 4.45609426543566e-22
68538957.9028144 2.07961584004903e-22 1.93013974933749e-22 2.22909193076058e-22
86908548.5386981 9.61681152129411e-23 8.70703273090951e-23 1.05265903116787e-22
110201497.662297 4.10962459197724e-23 3.59982924857451e-23 4.61941993537997e-23
139737347.950364 1.58894718825087e-23 1.33160909509382e-23 1.84628528140791e-23
177189301.655759 5.41133010588506e-24 4.27202746457537e-24 6.55063274719475e-24
