112606.251051226 1.21162337434575e-16 1.17997436767445e-16 1.24327238101705e-16
142786.615593472 7.53050800486896e-17 7.35156885995042e-17 7.7094471497875e-17
181055.824186555 4.6797250055985e-17 4.57916479813222e-17 4.78028521306478e-17
229581.822747338 2.90763297354542e-17 2.85143427833943e-17 2.96383166875141e-17
291113.603071291 1.80618172810517e-17 1.77490304457295e-17 1.83746041163739e-17
369136.932876502 1.12165632144227e-17 1.10426195150299e-17 1.13905069138154e-17
468071.824112259 6.96308309217807e-18 6.86584619751651e-18 7.06031998683963e-18
593522.926087366 4.32060717967167e-18 4.26544423175053e-18 4.3757701275928e-18
752597.028157849 2.67939168601932e-18 2.64725287093656e-18 2.71153050110208e-18
954305.65846188 1.66038332488198e-18 1.6409610431663e-18 1.67980560659767e-18
1210075.58587031 1.02795875029298e-18 1.01575845361729e-18 1.04015904696868e-18
1534396.14502492 6.35667016263684e-19 6.27760870960798e-19 6.4357316156657e-19
1945640.05534746 3.92493753180211e-19 3.87275334691935e-19 3.97712171668486e-19
2467104.23331454 2.41885840532787e-19 2.38420313565811e-19 2.45351367499764e-19
3128329.55988436 1.48710473101249e-19 1.4641555211235e-19 1.51005394090149e-19
3966774.36773649 9.1147670181249e-20 8.96405268766521e-20 9.2654813485846e-20
5029936.45116879 5.56502108605448e-20 5.46711853782145e-20 5.66292363428752e-20
6378043.81024912 3.3810708354222e-20 3.31816410644547e-20 3.44397756439893e-20
8087466.55954362 2.04143730892683e-20 2.00132467383931e-20 2.08154994401435e-20
10255043.285628 1.2228888390197e-20 1.19730670762946e-20 1.24847097040994e-20
13003566.9409974 7.25249681847846e-21 7.08717506453157e-21 7.41781857242536e-21
16488741.0495845 4.24689743691038e-21 4.1369995580635e-21 4.35679531575725e-21
20908000.2920645 2.44715336291454e-21 2.3714248801073e-21 2.52288184572178e-21
26511695.1560098 1.38159598929365e-21 1.32792978773998e-21 1.43526219084733e-21
33617274.2599379 7.60071095286766e-22 7.21754207799304e-22 7.98387982774228e-22
42627267.7781488 4.04637693693537e-22 3.77710836962553e-22 4.31564550424522e-22
54052090.7251378 2.06630880488287e-22 1.88383366556161e-22 2.24878394420413e-22
68538957.9028144 1.00090826847428e-22 8.83745585398331e-23 1.11807095155022e-22
86908548.5386981 4.53437993820807e-23 3.83370554649926e-23 5.23505432991688e-23
110201497.662297 1.88700658705663e-23 1.50404074362893e-23 2.26997243048433e-23
139737347.950364 7.05146783490462e-24 5.18152753923683e-24 8.92140813057241e-24
177189301.655759 2.29882877015061e-24 1.50602749367614e-24 3.09163004662509e-24
