112606.251051226 6.23441406445264e-17 5.9717852919945e-17 6.49704283691078e-17
142786.615593472 3.86248013633596e-17 3.71404125437358e-17 4.01091901829834e-17
181055.824186555 2.39264461918199e-17 2.30927148253867e-17 2.4760177558253e-17
229581.822747338 1.48188919575747e-17 1.43535331506453e-17 1.52842507645042e-17
291113.603071291 9.17611653100379e-18 8.91781208299295e-18 9.43442097901464e-18
369136.932876502 5.68044653762659e-18 5.53758869303896e-18 5.82330438221422e-18
468071.824112259 3.5152347918029e-18 3.43618531327371e-18 3.59428427033208e-18
593522.926087366 2.17437200051328e-18 2.13028256191777e-18 2.21846143910878e-18
752597.028157849 1.34421720616957e-18 1.31915494678957e-18 1.36927946554956e-18
954305.65846188 8.30416130427421e-19 8.1571323409013e-19 8.45119026764711e-19
1210075.58587031 5.1254256135196e-19 5.03567058773145e-19 5.21518063930775e-19
1534396.14502492 3.15985255122053e-19 3.10293156959746e-19 3.2167735328436e-19
1945640.05534746 1.94523979778436e-19 1.9081417773393e-19 1.98233781822941e-19
2467104.23331454 1.19530826375062e-19 1.17080100372025e-19 1.219815523781e-19
3128329.55988436 7.32778723933091e-20 7.16557957015731e-20 7.4899949085045e-20
3966774.36773649 4.47899116663257e-20 4.37225019688951e-20 4.58573213637563e-20
5029936.45116879 2.7274539748421e-20 2.65791263910136e-20 2.79699531058285e-20
6378043.81024912 1.65298009282286e-20 1.60818268019515e-20 1.69777750545057e-20
8087466.55954362 9.95764833071945e-21 9.67179524746386e-21 1.0243501413975e-20
10255043.285628 5.9528156559467e-21 5.7710743910808e-21 6.13455692081261e-21
13003566.9409974 3.52430766312695e-21 3.40791222845463e-21 3.64070309779928e-21
16488741.0495845 2.06101632192746e-21 1.98482378359564e-21 2.13720886025927e-21
20908000.2920645 1.18662383148217e-21 1.13508190584213e-21 1.23816575712221e-21
26511695.1560098 6.6981156627804e-22 6.33860939556314e-22 7.05762192999765e-22
33617274.2599379 3.68720551379149e-22 3.43299252003127e-22 3.94141850755172e-22
42627267.7781488 1.96619760506259e-22 1.78814653214843e-22 2.14424867797675e-22
54052090.7251378 1.00702320152808e-22 8.86175495066258e-23 1.12787090798991e-22
68538957.9028144 4.90048767498861e-23 4.12053469719164e-23 5.68044065278559e-23
86908548.5386981 2.23497833008046e-23 1.76471796047675e-23 2.70523869968417e-23
110201497.662297 9.3884222379454e-24 6.78939532938968e-24 1.19874491465011e-23
139737347.950364 3.55324413541474e-24 2.26566998909864e-24 4.84081828173085e-24
177189301.655759 1.17823788001503e-24 6.22077027101693e-25 1.73439873292836e-24
