112606.251051226 1.84940142540242e-16 1.81227900430097e-16 1.88652384650386e-16
142786.615593472 1.14348297752299e-16 1.12263217399209e-16 1.1643337810539e-16
181055.824186555 7.06908974342427e-17 6.95265662020244e-17 7.18552286664609e-17
229581.822747338 4.36933370180226e-17 4.30464413454442e-17 4.4340232690601e-17
291113.603071291 2.69999441393632e-17 2.66416249992528e-17 2.73582632794736e-17
369136.932876502 1.66793282666067e-17 1.64806423891016e-17 1.68780141441117e-17
468071.824112259 1.02997555735648e-17 1.01886746707422e-17 1.04108364763875e-17
593522.926087366 6.35715946962548e-18 6.29388214071971e-18 6.42043679853125e-18
752597.028157849 3.92130164805462e-18 3.8841401040294e-18 3.95846319207983e-18
954305.65846188 2.41688646159941e-18 2.39421160140407e-18 2.43956132179476e-18
1210075.58587031 1.48816012476929e-18 1.47380352624798e-18 1.50251672329059e-18
1534396.14502492 9.15154787289224e-19 9.05814482984079e-19 9.2449509159437e-19
1945640.05534746 5.61880439246523e-19 5.5571624561312e-19 5.68044632879926e-19
2467104.23331454 3.44279624349632e-19 3.40198575626529e-19 3.48360673072735e-19
3128329.55988436 2.10407104533142e-19 2.07717242951311e-19 2.13096966114972e-19
3966774.36773649 1.28171486537078e-19 1.26414319294825e-19 1.29928653779331e-19
5029936.45116879 7.77542830215076e-20 7.6618778146667e-20 7.88897878963483e-20
6378043.81024912 4.69220710158613e-20 4.61958496703284e-20 4.76482923613943e-20
8087466.55954362 2.8128002004168e-20 2.76667208382455e-20 2.85892831700904e-20
10255043.285628 1.67199349227251e-20 1.64267321479976e-20 1.70131376974526e-20
13003566.9409974 9.83290208641882e-21 9.64416116399571e-21 1.00216430088419e-20
16488741.0495845 5.70472069440696e-21 5.58006888096297e-21 5.82937250785095e-21
20908000.2920645 3.25321512510209e-21 3.16825895667309e-21 3.3381712935311e-21
26511695.1560098 1.81515482259354e-21 1.75588330638074e-21 1.87442633880633e-21
33617274.2599379 9.85137675913964e-22 9.43616432001433e-22 1.02665891982649e-21
42627267.7781488 5.16228074096664e-22 4.87665568622215e-22 5.44790579571114e-22
54052090.7251378 2.58739988383291e-22 2.39833290377259e-22 2.77646686389322e-22
68538957.9028144 1.22569922527085e-22 1.10744394728211e-22 1.34395450325959e-22
86908548.5386981 5.40549981754312e-23 4.71917658584084e-23 6.09182304924541e-23
110201497.662297 2.17717097051229e-23 1.81499775832437e-23 2.5393441827002e-23
139737347.950364 7.81619440813589e-24 6.12048980016186e-24 9.51189901610992e-24
177189301.655759 2.4252462287889e-24 1.74201944970322e-24 3.10847300787458e-24
