112606.251051226 1.23430386705209e-16 1.20343596103832e-16 1.26517177306586e-16
142786.615593472 7.64727884867594e-17 7.47192837133797e-17 7.8226293260139e-17
181055.824186555 4.73794793268649e-17 4.63884204258017e-17 4.83705382279281e-17
229581.822747338 2.93543024669274e-17 2.8796832120387e-17 2.99117728134678e-17
291113.603071291 1.81865728681546e-17 1.78741747832874e-17 1.84989709530219e-17
369136.932876502 1.12674840657942e-17 1.10926967537284e-17 1.144227137786e-17
468071.824112259 6.98070383676514e-18 6.88266490673273e-18 7.07874276679755e-18
593522.926087366 4.32480592356779e-18 4.26930844608025e-18 4.38030340105532e-18
752597.028157849 2.67934034172244e-18 2.64733939731482e-18 2.71134128613005e-18
954305.65846188 1.65989778137534e-18 1.64091271263004e-18 1.67888285012064e-18
1210075.58587031 1.02831203110748e-18 1.01664674713885e-18 1.03997731507611e-18
1534396.14502492 6.37024228375914e-19 6.29605120126318e-19 6.44443336625509e-19
1945640.05534746 3.94612723503344e-19 3.89765683254149e-19 3.99459763752538e-19
2467104.23331454 2.44436499962655e-19 2.41217900706534e-19 2.47655099218775e-19
3128329.55988436 1.51403342868464e-19 1.49251799315746e-19 1.53554886421183e-19
3966774.36773649 9.37718437513951e-20 9.23339665791322e-20 9.5209720923658e-20
5029936.45116879 5.8072208352675e-20 5.71156187358951e-20 5.9028797969455e-20
6378043.81024912 3.59593726506712e-20 3.53272498036187e-20 3.65914954977237e-20
8087466.55954362 2.22633123946434e-20 2.18486383375633e-20 2.26779864517235e-20
10255043.285628 1.37810925635997e-20 1.35107369963568e-20 1.40514481308427e-20
13003566.9409974 8.52847250780212e-21 8.35268661032885e-21 8.70425840527539e-21
16488741.0495845 5.27623476974248e-21 5.161455232433e-21 5.39101430705197e-21
20908000.2920645 3.26291761638439e-21 3.18678029005041e-21 3.33905494271837e-21
26511695.1560098 2.01684002580127e-21 1.96474087845035e-21 2.06893917315218e-21
33617274.2599379 1.2458394350098e-21 1.20856381549872e-21 1.28311505452088e-21
42627267.7781488 7.68961054526163e-22 7.40981030054794e-22 7.96941078997532e-22
54052090.7251378 4.74138150159828e-22 4.52304865423335e-22 4.95971434896321e-22
68538957.9028144 2.91974790505009e-22 2.74530334403192e-22 3.09419246606826e-22
86908548.5386981 1.7950460383119e-22 1.65425067165546e-22 1.93584140496834e-22
110201497.662297 1.10129903532534e-22 9.87540448216769e-23 1.2150576224339e-22
139737347.950364 6.73896172246194e-23 5.82359152782658e-23 7.6543319170973e-23
177189301.655759 4.10991391865255e-23 3.37840568362537e-23 4.84142215367972e-23
