112606.251051226 1.79664180434562e-16 1.75964137617836e-16 1.83364223251288e-16
142786.615593472 1.1161244012113e-16 1.09521829705254e-16 1.13703050537006e-16
181055.824186555 6.93264867253217e-17 6.8152216999377e-17 7.05007564512665e-17
229581.822747338 4.30530552784891e-17 4.23969967872193e-17 4.37091137697589e-17
291113.603071291 2.67303738427797e-17 2.6365183835091e-17 2.70955638504684e-17
369136.932876502 1.65910762245267e-17 1.63878254531505e-17 1.6794326995903e-17
468071.824112259 1.02938373601348e-17 1.01800068542263e-17 1.04076678660433e-17
593522.926087366 6.38364258347144e-18 6.31886097828043e-18 6.44842418866244e-18
752597.028157849 3.95632226711192e-18 3.91841412467348e-18 3.99423040955037e-18
954305.65846188 2.45004872593294e-18 2.4270299576406e-18 2.47306749422528e-18
1210075.58587031 1.51574663041396e-18 1.50122834740715e-18 1.53026491342077e-18
1534396.14502492 9.36551726456002e-19 9.27118903137927e-19 9.45984549774076e-19
1945640.05534746 5.77754930120762e-19 5.71521493196415e-19 5.83988367045109e-19
2467104.23331454 3.55693950127786e-19 3.51553563534538e-19 3.59834336721035e-19
3128329.55988436 2.18421113927043e-19 2.15680234570234e-19 2.21161993283852e-19
3966774.36773649 1.33690123601775e-19 1.31891163751548e-19 1.35489083452002e-19
5029936.45116879 8.14913995504825e-20 8.03236660626287e-20 8.26591330383362e-20
6378043.81024912 4.94141828874276e-20 4.86645997846627e-20 5.01637659901926e-20
8087466.55954362 2.9765264930776e-20 2.92880742069398e-20 3.02424556546122e-20
10255043.285628 1.777926622184e-20 1.74758808355386e-20 1.80826516081414e-20
13003566.9409974 1.05071398397081e-20 1.03122121811704e-20 1.07020674982458e-20
16488741.0495845 6.12604187543222e-21 5.99767681393182e-21 6.25440693693262e-21
20908000.2920645 3.51095706962904e-21 3.4236143695272e-21 3.59829976973088e-21
26511695.1560098 1.96890376992225e-21 1.90788151081908e-21 2.02992602902542e-21
33617274.2599379 1.07410077919095e-21 1.03115977826815e-21 1.11704178011375e-21
42627267.7781488 5.65817951657328e-22 5.36084862127488e-22 5.95551041187167e-22
54052090.7251378 2.85133795623983e-22 2.65303841132389e-22 3.04963750115577e-22
68538957.9028144 1.35831039323208e-22 1.23330299793388e-22 1.48331778853028e-22
86908548.5386981 6.02535024492837e-23 5.29406629035657e-23 6.75663419950017e-23
110201497.662297 2.44173666390007e-23 2.05275565330067e-23 2.83071767449948e-23
139737347.950364 8.82316619232215e-24 6.98723091975297e-24 1.06591014648913e-23
177189301.655759 2.7568580699315e-24 2.01099167714895e-24 3.50272446271405e-24
