112606.251051226 1.24237839146946e-16 1.21035745193333e-16 1.27439933100558e-16
142786.615593472 7.68151229636376e-17 7.50024140904384e-17 7.86278318368368e-17
181055.824186555 4.74919725511018e-17 4.64711090183112e-17 4.85128360838925e-17
229581.822747338 2.9360884434507e-17 2.87887235520017e-17 2.99330453170123e-17
291113.603071291 1.81504303284067e-17 1.78309288376313e-17 1.84699318191821e-17
369136.932876502 1.12192865798654e-17 1.10410935743618e-17 1.1397479585369e-17
468071.824112259 6.93415426554923e-18 6.83444938389886e-18 7.03385914719959e-18
593522.926087366 4.28507357294582e-18 4.22870066480144e-18 4.34144648109019e-18
752597.028157849 2.64754030667829e-18 2.61502032061019e-18 2.68006029274639e-18
954305.65846188 1.63540311470038e-18 1.61607377689588e-18 1.65473245250489e-18
1210075.58587031 1.0098983197074e-18 9.97994867427578e-19 1.02180177198723e-18
1534396.14502492 6.23399405115465e-19 6.15820874128416e-19 6.30977936102514e-19
1945640.05534746 3.84633442589899e-19 3.79688502622587e-19 3.8957838255721e-19
2467104.23331454 2.37172241098154e-19 2.33901386696111e-19 2.40443095500196e-19
3128329.55988436 1.46132264819118e-19 1.43959553465773e-19 1.48304976172462e-19
3966774.36773649 8.9950617393944e-20 8.85107484571724e-20 9.13904863307156e-20
5029936.45116879 5.52998888097277e-20 5.43517020115265e-20 5.62480756079288e-20
6378043.81024912 3.39439415698251e-20 3.33246719848386e-20 3.45632111548116e-20
8087466.55954362 2.07938723969049e-20 2.03927855836211e-20 2.11949592101887e-20
10255043.285628 1.27060850473624e-20 1.24479407563971e-20 1.29642293383277e-20
13003566.9409974 7.73922515970477e-21 7.57326966306137e-21 7.90518065634817e-21
16488741.0495845 4.69482951771271e-21 4.58724934324774e-21 4.80240969217767e-21
20908000.2920645 2.8333888222951e-21 2.76210269639352e-21 2.90467494819669e-21
26511695.1560098 1.69885865587695e-21 1.64991435742077e-21 1.74780295433312e-21
33617274.2599379 1.01021342863029e-21 9.75213464826094e-22 1.04521339243448e-21
42627267.7781488 5.94443082021604e-22 5.68587534517865e-22 6.20298629525343e-22
54052090.7251378 3.45165074938868e-22 3.25765735073248e-22 3.64564414804487e-22
68538957.9028144 1.97066840054459e-22 1.82542930718953e-22 2.11590749389964e-22
86908548.5386981 1.10130059122794e-22 9.94345525880293e-23 1.20825565657559e-22
110201497.662297 5.98980594834505e-23 5.22377684841223e-23 6.75583504827788e-23
139737347.950364 3.14757073386909e-23 2.61921951427499e-23 3.67592195346319e-23
177189301.655759 1.58339340223261e-23 1.23600437028749e-23 1.93078243417772e-23
