112606.251051226 1.87221335025802e-16 1.83602152800223e-16 1.9084051725138e-16
142786.615593472 1.15715354677152e-16 1.13670524476761e-16 1.17760184877543e-16
181055.824186555 7.15170787083014e-17 7.03675996610049e-17 7.2666557755598e-17
229581.822747338 4.4198460322335e-17 4.35551720123001e-17 4.48417486323699e-17
291113.603071291 2.73135014617182e-17 2.69545491501725e-17 2.76724537732639e-17
369136.932876502 1.68776977674461e-17 1.6677373975168e-17 1.70780215597241e-17
468071.824112259 1.04281051215742e-17 1.03156869608877e-17 1.05405232822608e-17
593522.926087366 6.44231963530766e-18 6.37836004037314e-18 6.50627923024218e-18
752597.028157849 3.97932106809637e-18 3.9420522392182e-18 4.01658989697455e-18
954305.65846188 2.4574615746002e-18 2.43502209152091e-18 2.47990105767949e-18
1210075.58587031 1.51723093861883e-18 1.50322752447754e-18 1.53123435276012e-18
1534396.14502492 9.36426319135579e-19 9.27412225394499e-19 9.45440412876659e-19
1945640.05534746 5.77715693067224e-19 5.717900273722e-19 5.83641358762248e-19
2467104.23331454 3.56225283407119e-19 3.52289174189955e-19 3.60161392624283e-19
3128329.55988436 2.19504637938114e-19 2.16884826981777e-19 2.22124448894451e-19
3966774.36773649 1.35142792248694e-19 1.33405247261443e-19 1.36880337235944e-19
5029936.45116879 8.31138109140172e-20 8.1969120262025e-20 8.42585015660095e-20
6378043.81024912 5.10456757920867e-20 5.02975894873117e-20 5.17937620968616e-20
8087466.55954362 3.12961435461251e-20 3.08109779488028e-20 3.17813091434474e-20
10255043.285628 1.91455012621877e-20 1.8832480721509e-20 1.94585218028664e-20
13003566.9409974 1.16796679442094e-20 1.1477654612593e-20 1.18816812758258e-20
16488741.0495845 7.09998136269977e-21 6.96832288643875e-21 7.2316398389608e-21
20908000.2920645 4.29669896291933e-21 4.20889943841371e-21 4.38449848742494e-21
26511695.1560098 2.58548062488666e-21 2.52481587536178e-21 2.64614537441154e-21
33617274.2599379 1.54459251186217e-21 1.50097840466821e-21 1.58820661905612e-21
42627267.7781488 9.14351010212849e-22 8.81983942380502e-22 9.46718078045197e-22
54052090.7251378 5.35024123865069e-22 5.10617139364963e-22 5.59431108365175e-22
68538957.9028144 3.08492592158451e-22 2.90094484493866e-22 3.26890699823035e-22
86908548.5386981 1.74588126622699e-22 1.60906821450563e-22 1.88269431794834e-22
110201497.662297 9.64965854601543e-23 8.65633106160478e-23 1.06429860304261e-22
139737347.950364 5.17586810584885e-23 4.47796860916947e-23 5.87376760252823e-23
177189301.655759 2.67262044572938e-23 2.20239469021376e-23 3.142846201245e-23
