112606.251051226 1.20692112753372e-16 1.17457854616905e-16 1.23926370889838e-16
142786.615593472 7.49212198587654e-17 7.30893095892105e-17 7.67531301283202e-17
181055.824186555 4.6502547060643e-17 4.54708999977472e-17 4.75341941235389e-17
229581.822747338 2.88589221678887e-17 2.82810804436483e-17 2.94367638921291e-17
291113.603071291 1.7905917088983e-17 1.7583618436179e-17 1.8228215741787e-17
369136.932876502 1.1107155097177e-17 1.09276610813686e-17 1.12866491129853e-17
468071.824112259 6.887623099512e-18 6.78730332107574e-18 6.98794287794825e-18
593522.926087366 4.26932023936159e-18 4.21258710558197e-18 4.32605337314122e-18
752597.028157849 2.64498628380888e-18 2.6121662439673e-18 2.67780632365046e-18
954305.65846188 1.63758267733106e-18 1.61795703655851e-18 1.6572083181036e-18
1210075.58587031 1.01302884951274e-18 1.00084270487599e-18 1.02521499414949e-18
1534396.14502492 6.26011543369705e-19 6.18189910305899e-19 6.3383317643351e-19
1945640.05534746 3.86333220341096e-19 3.81200912675843e-19 3.91465528006349e-19
2467104.23331454 2.38015523890914e-19 2.34614332813351e-19 2.41416714968477e-19
3128329.55988436 1.46323688340276e-19 1.44069177294869e-19 1.48578199385684e-19
3966774.36773649 8.97097877028879e-20 8.82245105083495e-20 9.11950648974263e-20
5029936.45116879 5.4810463484178e-20 5.38414025301921e-20 5.5779524438164e-20
6378043.81024912 3.33413467118027e-20 3.27159397555787e-20 3.39667536680266e-20
8087466.55954362 2.01691928811824e-20 1.97694237106812e-20 2.05689620516836e-20
10255043.285628 1.21152547637414e-20 1.1860965506031e-20 1.23695440214517e-20
13003566.9409974 7.21264803991567e-21 7.0501939616615e-21 7.37510211816983e-21
16488741.0495845 4.24555711289585e-21 4.1399204863071e-21 4.35119373948461e-21
20908000.2920645 2.46338986253001e-21 2.39260853557981e-21 2.53417118948022e-21
26511695.1560098 1.40351579457332e-21 1.35454793387416e-21 1.45248365527248e-21
33617274.2599379 7.81386644184661e-22 7.4685041943597e-22 8.15922868933352e-22
42627267.7781488 4.22463811014165e-22 3.98161564638587e-22 4.46766057389743e-22
54052090.7251378 2.20078357655964e-22 2.03389679040222e-22 2.36767036271705e-22
68538957.9028144 1.09371663146908e-22 9.84024857312078e-23 1.20340840562608e-22
86908548.5386981 5.12021545547304e-23 4.4422338307992e-23 5.79819708014687e-23
110201497.662297 2.22215399973294e-23 1.83523225241856e-23 2.60907574704733e-23
139737347.950364 8.76083466191621e-24 6.76434951723193e-24 1.07573198066005e-23
177189301.655759 3.05789114021306e-24 2.15008917111909e-24 3.96569310930704e-24
