112606.251051226 1.80143944676753e-16 1.76550001864074e-16 1.83737887489432e-16
142786.615593472 1.11773022047562e-16 1.09735364533258e-16 1.13810679561866e-16
181055.824186555 6.93482154889306e-17 6.81990106693914e-17 7.04974203084698e-17
229581.822747338 4.30238686325403e-17 4.23788233644365e-17 4.36689139006441e-17
291113.603071291 2.669027404561e-17 2.63294349216626e-17 2.70511131695575e-17
369136.932876502 1.65560912972264e-17 1.63543351054577e-17 1.67578474889951e-17
468071.824112259 1.02686511508052e-17 1.01553085214714e-17 1.03819937801389e-17
593522.926087366 6.36805214914615e-18 6.3035553199604e-18 6.43254897833189e-18
752597.028157849 3.94839622518324e-18 3.91083265330089e-18 3.98595979706558e-18
954305.65846188 2.44756679027526e-18 2.42496166317894e-18 2.47017191737158e-18
1210075.58587031 1.51677514202665e-18 1.502665600683e-18 1.53088468337029e-18
1534396.14502492 9.39607761441396e-19 9.30513670537073e-19 9.48701852345718e-19
1945640.05534746 5.81791686439712e-19 5.75800382530039e-19 5.87782990349385e-19
2467104.23331454 3.60022087545643e-19 3.56032104607458e-19 3.64012070483829e-19
3128329.55988436 2.2261888746876e-19 2.199566206231e-19 2.25281154314419e-19
3966774.36773649 1.3752383712715e-19 1.35754580794149e-19 1.39293093460151e-19
5029936.45116879 8.48526348101479e-20 8.36855646226065e-20 8.60197049976894e-20
6378043.81024912 5.22735965487636e-20 5.15106057919512e-20 5.30365873055761e-20
8087466.55954362 3.21402667481777e-20 3.16457370831984e-20 3.2634796413157e-20
10255043.285628 1.97123688180545e-20 1.93937609376699e-20 2.0030976698439e-20
13003566.9409974 1.20520671558105e-20 1.1846776444846e-20 1.2257357866775e-20
16488741.0495845 7.33924493916482e-21 7.20549924831107e-21 7.47299063001856e-21
20908000.2920645 4.4467620486439e-21 4.35731335061936e-21 4.53621074666844e-21
26511695.1560098 2.67701094483049e-21 2.61475067396379e-21 2.73927121569719e-21
33617274.2599379 1.59853956062288e-21 1.55330665688751e-21 1.64377246435824e-21
42627267.7781488 9.44749583078208e-22 9.10835042730821e-22 9.78664123425595e-22
54052090.7251378 5.51098734162754e-22 5.25341286479601e-22 5.76856181845907e-22
68538957.9028144 3.16183353949182e-22 2.96713336835073e-22 3.35653371063292e-22
86908548.5386981 1.77629428472069e-22 1.63178108506049e-22 1.92080748438089e-22
110201497.662297 9.71648502274898e-23 8.67414215248343e-23 1.07588278930145e-22
139737347.950364 5.13827953205175e-23 4.41438365597818e-23 5.86217540812531e-23
177189301.655759 2.60318193556963e-23 2.12377526221903e-23 3.08258860892023e-23
