112606.251051226 5.6719999890235e-17 5.43806777325391e-17 5.9059322047931e-17
142786.615593472 3.55239782767182e-17 3.41822002550284e-17 3.68657562984079e-17
181055.824186555 2.22470322237212e-17 2.14819669890794e-17 2.3012097458363e-17
229581.822747338 1.3930873074284e-17 1.34972629112753e-17 1.43644832372927e-17
291113.603071291 8.72224927058502e-18 8.47787763049689e-18 8.96662091067315e-18
369136.932876502 5.46018712181274e-18 5.32305867581201e-18 5.59731556781347e-18
468071.824112259 3.41740435823935e-18 3.34055634659514e-18 3.49425236988356e-18
593522.926087366 2.13831089937785e-18 2.095056284488e-18 2.1815655142677e-18
752597.028157849 1.33752010071456e-18 1.31284208343983e-18 1.36219811798929e-18
954305.65846188 8.36268823843985e-19 8.21826107362164e-19 8.50711540325805e-19
1210075.58587031 5.22586678013245e-19 5.13822530273463e-19 5.31350825753027e-19
1534396.14502492 3.26343607178376e-19 3.20810142030325e-19 3.31877072326428e-19
1945640.05534746 2.03618386923204e-19 2.00006667141904e-19 2.07230106704504e-19
2467104.23331454 1.26906394565245e-19 1.24499568130808e-19 1.29313220999682e-19
3128329.55988436 7.89854764840678e-20 7.73683050613597e-20 8.06026479067758e-20
3966774.36773649 4.907345640245e-20 4.79880121858863e-20 5.01589006190137e-20
5029936.45116879 3.04212369375977e-20 2.96976188750285e-20 3.1144855000167e-20
6378043.81024912 1.88052082454748e-20 1.83274179550703e-20 1.92829985358793e-20
8087466.55954362 1.15830013244594e-20 1.12706436119121e-20 1.18953590370067e-20
10255043.285628 7.10212136694612e-21 6.89943114510908e-21 7.30481158878315e-21
13003566.9409974 4.32961723154958e-21 4.19823960124023e-21 4.46099486185893e-21
16488741.0495845 2.62019620052689e-21 2.53418726883823e-21 2.70620513221556e-21
20908000.2920645 1.571048164954e-21 1.51335059240106e-21 1.62874573750693e-21
26511695.1560098 9.30972444818253e-22 8.90873828849245e-22 9.71071060787261e-22
33617274.2599379 5.43508909128591e-22 5.14676233720773e-22 5.72341584536408e-22
42627267.7781488 3.1136009168036e-22 2.90227451773988e-22 3.32492731586732e-22
54052090.7251378 1.7414230626892e-22 1.58678290206808e-22 1.89606322331032e-22
68538957.9028144 9.44798785475544e-23 8.33988284777035e-23 1.05560928617405e-22
86908548.5386981 4.93206211205049e-23 4.16697171432877e-23 5.69715250977222e-23
110201497.662297 2.45179278608447e-23 1.95007724248517e-23 2.95350832968376e-23
139737347.950364 1.14554970783319e-23 8.37663694263233e-24 1.45343572140314e-23
177189301.655759 4.94769249926923e-24 3.2094512239078e-24 6.68593377463067e-24
