112606.251051226 6.46149561971306e-17 6.19376962323838e-17 6.72922161618775e-17
142786.615593472 3.98464177982017e-17 3.83399841714705e-17 4.13528514249328e-17
181055.824186555 2.4569607603446e-17 2.37271667174457e-17 2.54120484894463e-17
229581.822747338 1.51477171572753e-17 1.46794458853971e-17 1.56159884291535e-17
291113.603071291 9.33727418241416e-18 9.07835396753605e-18 9.59619439729227e-18
369136.932876502 5.7543545009381e-18 5.61164504966944e-18 5.89706395220676e-18
468071.824112259 3.54528251876476e-18 3.46653595036001e-18 3.62402908716951e-18
593522.926087366 2.18348418169405e-18 2.13965179473757e-18 2.22731656865052e-18
752597.028157849 1.34416525026212e-18 1.31927897707912e-18 1.36905152344511e-18
954305.65846188 8.27000937144062e-19 8.12411773330329e-19 8.41590100957795e-19
1210075.58587031 5.0844414887633e-19 4.99545880217903e-19 5.17342417534758e-19
1534396.14502492 3.1230555131108e-19 3.06671167591948e-19 3.17939935030212e-19
1945640.05534746 1.91605481946198e-19 1.87941461117256e-19 1.95269502775139e-19
2467104.23331454 1.17379355458485e-19 1.14964955518513e-19 1.19793755398457e-19
3128329.55988436 7.17725463669401e-20 7.01782737400315e-20 7.33668189938487e-20
3966774.36773649 4.37813169538722e-20 4.2734157023474e-20 4.48284768842703e-20
5029936.45116879 2.66259682585903e-20 2.59445598356736e-20 2.7307376681507e-20
6378043.81024912 1.61308027156945e-20 1.56920721767361e-20 1.65695332546529e-20
8087466.55954362 9.72509851246797e-21 9.44515064122079e-21 1.00050463837152e-20
10255043.285628 5.8271111554727e-21 5.64912930016104e-21 6.00509301078435e-21
13003566.9409974 3.46430334577835e-21 3.35039082714264e-21 3.57821586441407e-21
16488741.0495845 2.03925470693351e-21 1.96478759150383e-21 2.11372182236319e-21
20908000.2920645 1.18540190600262e-21 1.13504438587845e-21 1.2357594261268e-21
26511695.1560098 6.78163804465899e-22 6.42897989990296e-22 7.13429618941501e-22
33617274.2599379 3.80208979621195e-22 3.54984884197323e-22 4.05433075045067e-22
42627267.7781488 2.07766438706287e-22 1.8973384937359e-22 2.25799028038983e-22
54052090.7251378 1.09902959716685e-22 9.7285768494286e-23 1.22520150939083e-22
68538957.9028144 5.57879251501923e-23 4.72989474220389e-23 6.42769028783458e-23
86908548.5386981 2.68763018024519e-23 2.14696012793174e-23 3.22830023255863e-23
110201497.662297 1.21174963836204e-23 8.90925084560484e-24 1.5325741921636e-23
139737347.950364 5.02290854952776e-24 3.2814066026452e-24 6.76441049641033e-24
177189301.655759 1.87160303793865e-24 1.02594730599375e-24 2.71725876988354e-24
