112606.251051226 2.46107028548954e-16 2.42108798976284e-16 2.50105258121624e-16
142786.615593472 1.52316434116562e-16 1.50061053257729e-16 1.54571814975395e-16
181055.824186555 9.42631281730453e-17 9.29974488429179e-17 9.55288075031726e-17
229581.822747338 5.83313267986181e-17 5.76241242510934e-17 5.90385293461428e-17
291113.603071291 3.60925347793513e-17 3.56983120592688e-17 3.64867574994339e-17
369136.932876502 2.23293722098764e-17 2.21092856931473e-17 2.25494587266054e-17
468071.824112259 1.38122403583985e-17 1.36883780065655e-17 1.39361027102316e-17
593522.926087366 8.54202934377082e-18 8.47109244752921e-18 8.61296624001242e-18
752597.028157849 5.28132633840707e-18 5.23954310699117e-18 5.32310956982296e-18
954305.65846188 3.26421790970217e-18 3.23871439123292e-18 3.28972142817141e-18
1210075.58587031 2.01664938916294e-18 2.00051791527647e-18 2.03278086304942e-18
1534396.14502492 1.24522324589181e-18 1.23473118641755e-18 1.25571530536607e-18
1945640.05534746 7.68363580605789e-19 7.61425242759306e-19 7.75301918452272e-19
2467104.23331454 4.73706542426291e-19 4.69089719841537e-19 4.78323365011046e-19
3128329.55988436 2.91725253894647e-19 2.88657312643486e-19 2.94793195145808e-19
3966774.36773649 1.79404197202059e-19 1.77377818211256e-19 1.81430576192862e-19
5029936.45116879 1.10134317284133e-19 1.08807286895564e-19 1.11461347672702e-19
6378043.81024912 6.74587434943536e-20 6.65976832647695e-20 6.83198037239377e-20
8087466.55954362 4.1201988157677e-20 4.06477040196503e-20 4.17562722957038e-20
10255043.285628 2.50744411703185e-20 2.47190400595017e-20 2.54298422811353e-20
13003566.9409974 1.51899931788209e-20 1.49611898393262e-20 1.54187965183156e-20
16488741.0495845 9.14881050847641e-21 8.99904463800959e-21 9.29857637894324e-21
20908000.2920645 5.46987270061428e-21 5.36876209112865e-21 5.57098331009992e-21
26511695.1560098 3.23995641609954e-21 3.16895633975488e-21 3.31095649244419e-21
33617274.2599379 1.89655237400653e-21 1.84494114491158e-21 1.94816360310148e-21
42627267.7781488 1.0936481628884e-21 1.05542766369851e-21 1.13186866207829e-21
54052090.7251378 6.18773872859545e-22 5.90483349993795e-22 6.47064395725295e-22
68538957.9028144 3.41754670059276e-22 3.21165806044208e-22 3.62343534074345e-22
86908548.5386981 1.8307054176826e-22 1.68531017373095e-22 1.97610066163425e-22
110201497.662297 9.43376684770158e-23 8.44885551918228e-23 1.04186781762209e-22
139737347.950364 4.62808987993326e-23 3.99554694149219e-23 5.26063281837434e-23
177189301.655759 2.1332720317851e-23 1.7532666534979e-23 2.51327741007231e-23
