112606.251051226 2.31735287919153e-16 2.27791263906631e-16 2.35679311931675e-16
142786.615593472 1.4465059106683e-16 1.42412807331454e-16 1.46888374802207e-16
181055.824186555 9.02763334440055e-17 8.90139225301857e-17 9.15387443578253e-17
229581.822747338 5.63291691199871e-17 5.56205367311846e-17 5.70378015087895e-17
291113.603071291 3.51376932783376e-17 3.47411096984462e-17 3.5534276858229e-17
369136.932876502 2.19109688996056e-17 2.16888040971918e-17 2.21331337020194e-17
468071.824112259 1.36570760377122e-17 1.35316308858433e-17 1.3782521189581e-17
593522.926087366 8.50766091906435e-18 8.43553850161381e-18 8.57978333651489e-18
752597.028157849 5.29606859586229e-18 5.25336521692169e-18 5.3387719748029e-18
954305.65846188 3.2938604347017e-18 3.26762068144359e-18 3.32010018795981e-18
1210075.58587031 2.04625582884511e-18 2.02953866071373e-18 2.06297299697649e-18
1534396.14502492 1.26935951740188e-18 1.25841898072233e-18 1.28030005408144e-18
1945640.05534746 7.85978161749437e-19 7.78714993229398e-19 7.93241330269476e-19
2467104.23331454 4.8553811077799e-19 4.80700706463176e-19 4.90375515092803e-19
3128329.55988436 2.99055420937005e-19 2.95848274231778e-19 3.02262567642231e-19
3966774.36773649 1.83506427231326e-19 1.81399621221945e-19 1.85613233240708e-19
5029936.45116879 1.12069024709077e-19 1.10700592094422e-19 1.13437457323733e-19
6378043.81024912 6.80300962328616e-20 6.7150897467397e-20 6.89092949983263e-20
8087466.55954362 4.09822568331868e-20 4.04215279429228e-20 4.15429857234509e-20
10255043.285628 2.44500607945419e-20 2.40922749073448e-20 2.4807846681739e-20
13003566.9409974 1.44086987535223e-20 1.41774740311388e-20 1.46399234759057e-20
16488741.0495845 8.35986598803351e-21 8.20655754732003e-21 8.51317442874699e-21
20908000.2920645 4.75542198272669e-21 4.65066065966448e-21 4.8601833057889e-21
26511695.1560098 2.63811136714282e-21 2.5650779811133e-21 2.71114475317234e-21
33617274.2599379 1.41773141507617e-21 1.36687623867952e-21 1.46858659147282e-21
42627267.7781488 7.31799448227417e-22 6.97251780275421e-22 7.66347116179413e-22
54052090.7251378 3.58918997742194e-22 3.36506956472323e-22 3.81331039012065e-22
68538957.9028144 1.64990436863561e-22 1.51376057277549e-22 1.78604816449574e-22
86908548.5386981 6.98612764612891e-23 6.22715552860046e-23 7.74509976365735e-23
110201497.662297 2.66541975264643e-23 2.28594864772724e-23 3.04489085756562e-23
139737347.950364 8.91084032071572e-24 7.2562166627695e-24 1.05654639786619e-23
177189301.655759 2.51952064965252e-24 1.91200331739081e-24 3.12703798191423e-24
