112606.251051226 2.3940955112589e-16 2.35524099248855e-16 2.43295003002926e-16
142786.615593472 1.48504146873864e-16 1.4630253275651e-16 1.50705760991218e-16
181055.824186555 9.2112011559466e-17 9.08706860996974e-17 9.33533370192347e-17
229581.822747338 5.71306707329282e-17 5.64337243529382e-17 5.78276171129181e-17
291113.603071291 3.54316313670436e-17 3.50412867189096e-17 3.58219760151776e-17
369136.932876502 2.19721914478222e-17 2.17533539285198e-17 2.21910289671245e-17
468071.824112259 1.36240235611316e-17 1.35004982058424e-17 1.37475489164209e-17
593522.926087366 8.44644046667274e-18 8.37563438247568e-18 8.51724655086979e-18
752597.028157849 5.23553813456737e-18 5.19390477031167e-18 5.27717149882307e-18
954305.65846188 3.24449084248166e-18 3.21917733181261e-18 3.26980435315071e-18
1210075.58587031 2.01002733296359e-18 1.99408644111759e-18 2.02596822480958e-18
1534396.14502492 1.24478047021502e-18 1.23444476635311e-18 1.25511617407693e-18
1945640.05534746 7.70503903778278e-19 7.63674764897871e-19 7.77333042658685e-19
2467104.23331454 4.76641940332142e-19 4.72090715301949e-19 4.81193165362336e-19
3128329.55988436 2.94628029963221e-19 2.91592668411402e-19 2.97663391515039e-19
3966774.36773649 1.81940892367172e-19 1.7992537550728e-19 1.83956409227064e-19
5029936.45116879 1.12213982352013e-19 1.10885363547369e-19 1.13542601156657e-19
6378043.81024912 6.91002157582081e-20 6.823173128675e-20 6.99687002296662e-20
8087466.55954362 4.24662801675503e-20 4.19030002873714e-20 4.30295600477292e-20
10255043.285628 2.60320813458116e-20 2.56685797783586e-20 2.63955829132646e-20
13003566.9409974 1.59066440281e-20 1.56718127050887e-20 1.61414753511114e-20
16488741.0495845 9.68008888301589e-21 9.52662620825164e-21 9.83355155778014e-21
20908000.2920645 5.86053346155767e-21 5.75766405873433e-21 5.96340286438101e-21
26511695.1560098 3.5249326318365e-21 3.45334160703816e-21 3.59652365663484e-21
33617274.2599379 2.10260689031802e-21 2.05076627060824e-21 2.15444751002781e-21
42627267.7781488 1.24105879885075e-21 1.20240740201263e-21 1.27971019568887e-21
54052090.7251378 7.2281641707026e-22 6.93651656181198e-22 7.51981177959322e-22
68538957.9028144 4.13914751570397e-22 3.92011085400385e-22 4.35818417740408e-22
86908548.5386981 2.31990599116198e-22 2.15832374610587e-22 2.48148823621808e-22
110201497.662297 1.26534112149744e-22 1.14948270999139e-22 1.38119953300348e-22
139737347.950364 6.66736224096425e-23 5.86752127243116e-23 7.46720320949735e-23
177189301.655759 3.36272912982149e-23 2.83637165879359e-23 3.88908660084938e-23
