112606.251051226 1.85421817479023e-16 1.81695796673979e-16 1.89147838284066e-16
142786.615593472 1.14664013557002e-16 1.12568919374172e-16 1.16759107739832e-16
181055.824186555 7.08990433663928e-17 6.9727739758582e-17 7.20703469742036e-17
229581.822747338 4.38314985063992e-17 4.3179931121747e-17 4.44830658910513e-17
291113.603071291 2.70923659459566e-17 2.67310396165694e-17 2.74536922753438e-17
369136.932876502 1.67416920707127e-17 1.65411610993798e-17 1.69422230420457e-17
468071.824112259 1.03422389906392e-17 1.02300957309855e-17 1.04543822502929e-17
593522.926087366 6.38639565665517e-18 6.32255890919826e-18 6.45023240411208e-18
752597.028157849 3.94163565772526e-18 3.90421492150405e-18 3.97905639394647e-18
954305.65846188 2.43118169917035e-18 2.40840701634597e-18 2.45395638199474e-18
1210075.58587031 1.49831687688596e-18 1.48393100821838e-18 1.51270274555355e-18
1534396.14502492 9.22444353219132e-19 9.13097639702033e-19 9.31791066736231e-19
1945640.05534746 5.67161044465041e-19 5.60992866173094e-19 5.73329222756988e-19
2467104.23331454 3.48136433192228e-19 3.44047905007073e-19 3.52224961377384e-19
3128329.55988436 2.13243405626862e-19 2.1054273471813e-19 2.15944076535594e-19
3966774.36773649 1.30268388134214e-19 1.28498997235045e-19 1.32037779033382e-19
5029936.45116879 7.93100347065569e-20 7.81627652861882e-20 8.04573041269255e-20
6378043.81024912 4.80781520137215e-20 4.73419007398433e-20 4.88144032875998e-20
8087466.55954362 2.89865726739266e-20 2.85176134471895e-20 2.94555319006637e-20
10255043.285628 1.73556188944498e-20 1.70571384047156e-20 1.76540993841841e-20
13003566.9409974 1.03008213442576e-20 1.01087984749502e-20 1.04928442135651e-20
16488741.0495845 6.04603386165757e-21 5.9193873024385e-21 6.17268042087664e-21
20908000.2920645 3.49897575222896e-21 3.41253444797225e-21 3.58541705648567e-21
26511695.1560098 1.98902583416257e-21 1.92820168981323e-21 2.04984997851191e-21
33617274.2599379 1.10531566684206e-21 1.06193376815414e-21 1.14869756552999e-21
42627267.7781488 5.96812225886074e-22 5.6612469353298e-22 6.27499758239168e-22
54052090.7251378 3.10703281546095e-22 2.89601121960621e-22 3.31805441131568e-22
68538957.9028144 1.54441657553864e-22 1.40576213184695e-22 1.68307101923033e-22
86908548.5386981 7.23951089226624e-23 6.38287960891442e-23 8.09614217561807e-23
110201497.662297 3.15030598652706e-23 2.66116053873502e-23 3.6394514343191e-23
139737347.950364 1.2474918371203e-23 9.94520981359416e-24 1.50046269288118e-23
177189301.655759 4.38315241354059e-24 3.22753435971395e-24 5.53877046736723e-24
