112606.251051226 2.35037150691435e-16 2.31985739404785e-16 2.38088561978085e-16
142786.615593472 1.46141315396162e-16 1.44422203613379e-16 1.47860427178946e-16
181055.824186555 9.08520978238956e-17 8.98866831337319e-17 9.18175125140594e-17
229581.822747338 5.64679961218159e-17 5.5926033720367e-17 5.70099585232648e-17
291113.603071291 3.50872979781314e-17 3.47816187789292e-17 3.53929771773336e-17
369136.932876502 2.17944282372179e-17 2.16198522780416e-17 2.19690041963941e-17
468071.824112259 1.35315736022938e-17 1.34296193053865e-17 1.36335278992012e-17
593522.926087366 8.3966633692049e-18 8.33522497961742e-18 8.45810175879238e-18
752597.028157849 5.20661295665122e-18 5.16827039297302e-18 5.24495552032942e-18
954305.65846188 3.22560294749506e-18 3.20092275479641e-18 3.25028314019372e-18
1210075.58587031 1.99603551902949e-18 1.97980879827568e-18 2.01226223978329e-18
1534396.14502492 1.23337127040811e-18 1.22259107194951e-18 1.24415146886671e-18
1945640.05534746 7.60708490939569e-19 7.53535855298484e-19 7.67881126580653e-19
2467104.23331454 4.68087299185264e-19 4.63337033274971e-19 4.72837565095557e-19
3128329.55988436 2.8717547352387e-19 2.84055913670185e-19 2.90295033377556e-19
3966774.36773649 1.75523186830494e-19 1.73495792186902e-19 1.77550581474086e-19
5029936.45116879 1.06770319893698e-19 1.0546688177519e-19 1.08073758012206e-19
6378043.81024912 6.45565631507737e-20 6.37262372043273e-20 6.53868890972201e-20
8087466.55954362 3.87347007221846e-20 3.82082285518525e-20 3.92611728925167e-20
10255043.285628 2.30164024950703e-20 2.2681320234198e-20 2.33514847559426e-20
13003566.9409974 1.35089128417057e-20 1.32922573486345e-20 1.3725568334777e-20
16488741.0495845 7.80573917439059e-21 7.66188059636225e-21 7.94959775241892e-21
20908000.2920645 4.42179596545189e-21 4.32354503802716e-21 4.52004689287661e-21
26511695.1560098 2.44268261655867e-21 2.37447771588153e-21 2.5108875172358e-21
33617274.2599379 1.30705332486286e-21 1.25991239219875e-21 1.35419425752697e-21
42627267.7781488 6.71687990285333e-22 6.39955907087717e-22 7.03420073482948e-22
54052090.7251378 3.27933395437997e-22 3.07546678749029e-22 3.48320112126965e-22
68538957.9028144 1.50031501225876e-22 1.37765760695151e-22 1.622972417566e-22
86908548.5386981 6.32112300041033e-23 5.64365089939648e-23 6.99859510142418e-23
110201497.662297 2.3989987307989e-23 2.06329838150035e-23 2.73469908009746e-23
139737347.950364 7.97495523812285e-24 6.52395150410156e-24 9.42595897214414e-24
177189301.655759 2.24113450737056e-24 1.71300484760752e-24 2.7692641671336e-24
