112606.251051226 2.40443225902239e-16 2.36708505046461e-16 2.44177946758017e-16
142786.615593472 1.493501542284e-16 1.47224360197641e-16 1.5147594825916e-16
181055.824186555 9.27678229448236e-17 9.15634863616005e-17 9.39721595280466e-17
229581.822747338 5.76218540630195e-17 5.69423295198399e-17 5.8301378606199e-17
291113.603071291 3.57910777568943e-17 3.54086667794042e-17 3.61734887343843e-17
369136.932876502 2.22310199504382e-17 2.20157567115794e-17 2.24462831892971e-17
468071.824112259 1.38083020292088e-17 1.36864956430193e-17 1.39301084153982e-17
593522.926087366 8.57662549445344e-18 8.5068236522654e-18 8.64642733664148e-18
752597.028157849 5.32704824200427e-18 5.28615923425218e-18 5.36793724975636e-18
954305.65846188 3.30863776832635e-18 3.28394353818656e-18 3.33333199846615e-18
1210075.58587031 2.05495441249643e-18 2.03952109579545e-18 2.07038772919742e-18
1534396.14502492 1.27627116441018e-18 1.26632264635985e-18 1.28621968246051e-18
1945640.05534746 7.92625878952611e-19 7.86068017540886e-19 7.99183740364335e-19
2467104.23331454 4.92236616204649e-19 4.87859559186959e-19 4.96613673222339e-19
3128329.55988436 3.05671328523239e-19 3.02737430342097e-19 3.08605226704381e-19
3966774.36773649 1.8980338042725e-19 1.87839649682424e-19 1.91767111172076e-19
5029936.45116879 1.17845546926448e-19 1.16537559913227e-19 1.19153533939669e-19
6378043.81024912 7.31596606584431e-20 7.22941598850296e-20 7.40251614318567e-20
8087466.55954362 4.54115018843014e-20 4.48427207989142e-20 4.59802829696886e-20
10255043.285628 2.81824331749372e-20 2.78107585932277e-20 2.85541077566467e-20
13003566.9409974 1.74858876455374e-20 1.72435838886775e-20 1.77281914023972e-20
16488741.0495845 1.08459035821318e-20 1.06872846789005e-20 1.10045224853631e-20
20908000.2920645 6.72477108152881e-21 6.61938261377425e-21 6.83015954928336e-21
26511695.1560098 4.16752690486208e-21 4.09544145786324e-21 4.23961235186092e-21
33617274.2599379 2.58114229445663e-21 2.52971946986507e-21 2.63256511904819e-21
42627267.7781488 1.59737340576359e-21 1.55895344421545e-21 1.63579336731173e-21
54052090.7251378 9.87577196524011e-22 9.57736732185439e-22 1.01741766086258e-21
68538957.9028144 6.09804378163518e-22 5.86043792975538e-22 6.33564963351499e-22
86908548.5386981 3.75940230085071e-22 3.56798554309472e-22 3.95081905860671e-22
110201497.662297 2.31297313849213e-22 2.15839069147128e-22 2.46755558551297e-22
139737347.950364 1.41942021481763e-22 1.29496634376366e-22 1.54387408587159e-22
177189301.655759 8.68244662829137e-23 7.68658697176395e-23 9.67830628481879e-23
