112606.251051226 1.80783222493249e-16 1.77281480091764e-16 1.84284964894735e-16
142786.615593472 1.12276682005592e-16 1.10290044609625e-16 1.14263319401558e-16
181055.824186555 6.97270253488605e-17 6.8605987219135e-17 7.0848063478586e-17
229581.822747338 4.32999604889365e-17 4.26704515744646e-17 4.39294694034083e-17
291113.603071291 2.688697234354e-17 2.65347123695335e-17 2.72392323175464e-17
369136.932876502 1.66938217866153e-17 1.64968188296657e-17 1.6890824743565e-17
468071.824112259 1.0363781669909e-17 1.02530855598031e-17 1.04744777800149e-17
593522.926087366 6.43302996198711e-18 6.37001293520949e-18 6.49604698876473e-18
752597.028157849 3.99236522974484e-18 3.95562861593164e-18 4.02910184355805e-18
954305.65846188 2.47708084398806e-18 2.45493317553925e-18 2.49922851243686e-18
1210075.58587031 1.5364457892097e-18 1.52258339847098e-18 1.55030817994841e-18
1534396.14502492 9.52633477236092e-19 9.43667393982544e-19 9.6159956048964e-19
1945640.05534746 5.9036530036882e-19 5.84435419225117e-19 5.96295181512522e-19
2467104.23331454 3.65632625646244e-19 3.61667626675013e-19 3.69597624617475e-19
3128329.55988436 2.26269280846018e-19 2.23612713758429e-19 2.28925847933608e-19
3966774.36773649 1.39884867415729e-19 1.38111718332983e-19 1.41658016498475e-19
5029936.45116879 8.63701417907914e-20 8.51950068663042e-20 8.75452767152786e-20
6378043.81024912 5.32422349335453e-20 5.24699814451295e-20 5.4014488421961e-20
8087466.55954362 3.27537470581524e-20 3.22503317014211e-20 3.32571624148836e-20
10255043.285628 2.00973961074963e-20 1.97710630321111e-20 2.04237291828815e-20
13003566.9409974 1.22911047070652e-20 1.2079592237959e-20 1.25026171761714e-20
16488741.0495845 7.48568810973634e-21 7.34731753806489e-21 7.62405868140779e-21
20908000.2920645 4.53499723814405e-21 4.44244728659805e-21 4.62754718969004e-21
26511695.1560098 2.72905054021599e-21 2.66499661029537e-21 2.79310447013662e-21
33617274.2599379 1.62837810542529e-21 1.58233578333402e-21 1.67442042751655e-21
42627267.7781488 9.61211233351984e-22 9.27124982913074e-22 9.95297483790894e-22
54052090.7251378 5.59690563874505e-22 5.34113499313658e-22 5.85267628435351e-22
68538957.9028144 3.20296481601986e-22 3.01165201965935e-22 3.39427761238037e-22
86908548.5386981 1.79314153434269e-22 1.65244997420422e-22 1.93383309448117e-22
110201497.662297 9.76287736475241e-23 8.75691078063123e-23 1.07688439488736e-22
139737347.950364 5.13096659779514e-23 4.43859887114145e-23 5.82333432444883e-23
177189301.655759 2.5784976569595e-23 2.12457073287386e-23 3.03242458104514e-23
