112606.251051226 2.32930377732123e-16 2.29183343118336e-16 2.36677412345911e-16
142786.615593472 1.45268886857777e-16 1.43126397736223e-16 1.4741137597933e-16
181055.824186555 9.05977918855542e-17 8.93785332138783e-17 9.18170505572301e-17
229581.822747338 5.65016002944826e-17 5.58106354468183e-17 5.7192565142147e-17
291113.603071291 3.52372100133659e-17 3.48467428306718e-17 3.56276771960601e-17
369136.932876502 2.19755258897114e-17 2.17549051619538e-17 2.2196146617469e-17
468071.824112259 1.37048166371851e-17 1.35795963244555e-17 1.38300369499147e-17
593522.926087366 8.54677657815065e-18 8.47486688098524e-18 8.61868627531606e-18
752597.028157849 5.32997715813272e-18 5.28780928807836e-18 5.37214502818708e-18
954305.65846188 3.32384357914177e-18 3.29837023572301e-18 3.34931692256053e-18
1210075.58587031 2.07274539419657e-18 2.0568221831904e-18 2.08866860520273e-18
1534396.14502492 1.2925247019759e-18 1.2822515540011e-18 1.3027978499507e-18
1945640.05534746 8.0596449381917e-19 7.99179679852792e-19 8.12749307785547e-19
2467104.23331454 5.02542606907136e-19 4.98000892317447e-19 5.07084321496826e-19
3128329.55988436 3.13331751267192e-19 3.10276440199533e-19 3.16387062334851e-19
3966774.36773649 1.95345602468741e-19 1.9329233605127e-19 1.97398868886212e-19
5029936.45116879 1.21776064425141e-19 1.20402683418685e-19 1.23149445431597e-19
6378043.81024912 7.59046391657527e-20 7.49920820366024e-20 7.6817196294903e-20
8087466.55954362 4.7305200058801e-20 4.67031475600809e-20 4.79072525575212e-20
10255043.285628 2.94758259346401e-20 2.90810673461525e-20 2.98705845231276e-20
13003566.9409974 1.83618844236431e-20 1.81038695960206e-20 1.86198992512656e-20
16488741.0495845 1.14349512425559e-20 1.12658254859347e-20 1.1604076999177e-20
20908000.2920645 7.11838082994859e-21 7.00604308402301e-21 7.23071857587416e-21
26511695.1560098 4.42906799002589e-21 4.35236067590305e-21 4.50577530414874e-21
33617274.2599379 2.75403763753698e-21 2.69943038236369e-21 2.80864489271028e-21
42627267.7781488 1.71111997216517e-21 1.67035392387644e-21 1.75188602045391e-21
54052090.7251378 1.06206508180454e-21 1.03035941774486e-21 1.09377074586422e-21
68538957.9028144 6.58360817349649e-22 6.33031634048136e-22 6.83690000651161e-22
86908548.5386981 4.07445466287527e-22 3.86948652660199e-22 4.27942279914854e-22
110201497.662297 2.51639084068804e-22 2.35004101813352e-22 2.68274066324256e-22
139737347.950364 1.55006320598771e-22 1.41545909239296e-22 1.68466731958246e-22
177189301.655759 9.51652978053365e-23 8.4341598017324e-23 1.05988997593349e-22
