112606.251051226 6.21833940594453e-17 5.96230606901322e-17 6.47437274287584e-17
142786.615593472 3.84407136260708e-17 3.69865377627531e-17 3.98948894893884e-17
181055.824186555 2.37632623532838e-17 2.2941657831748e-17 2.45848668748197e-17
229581.822747338 1.46898595727419e-17 1.42280609763878e-17 1.51516581690959e-17
291113.603071291 9.08082635172178e-18 8.82247294469484e-18 9.33917975874871e-18
369136.932876502 5.61342868983576e-18 5.46936410500003e-18 5.75749327467149e-18
468071.824112259 3.46996305791096e-18 3.38965873317043e-18 3.55026738265149e-18
593522.926087366 2.14493251926202e-18 2.09995414349303e-18 2.18991089503101e-18
752597.028157849 1.32584407088984e-18 1.30032700837937e-18 1.35136113340032e-18
954305.65846188 8.19518254975826e-19 8.0470493479344e-19 8.34331575158213e-19
1210075.58587031 5.06534220247805e-19 4.97651687910778e-19 5.15416752584833e-19
1534396.14502492 3.13067966355778e-19 3.07545284922064e-19 3.18590647789493e-19
1945640.05534746 1.93482954909036e-19 1.89937549173339e-19 1.97028360644734e-19
2467104.23331454 1.19567768379128e-19 1.17240800270904e-19 1.21894736487352e-19
3128329.55988436 7.38829305832312e-20 7.23383891120998e-20 7.54274720543626e-20
3966774.36773649 4.56479815894148e-20 4.46201874447994e-20 4.66757757340303e-20
5029936.45116879 2.81989179070476e-20 2.7517215121664e-20 2.88806206924312e-20
6378043.81024912 1.74164186397042e-20 1.69672127860272e-20 1.78656244933812e-20
8087466.55954362 1.07542017828987e-20 1.04604941288384e-20 1.10479094369589e-20
10255043.285628 6.63837403994721e-21 6.44768741756023e-21 6.82906066233418e-21
13003566.9409974 4.09612382252831e-21 3.9727824361049e-21 4.21946520895173e-21
16488741.0495845 2.52619054792783e-21 2.4461230610081e-21 2.60625803484757e-21
20908000.2920645 1.55697733809592e-21 1.50414558428234e-21 1.6098090919095e-21
26511695.1560098 9.58842851014363e-22 9.2279233337441e-22 9.94893368654317e-22
33617274.2599379 5.89885132017926e-22 5.64062835563106e-22 6.15707428472745e-22
42627267.7781488 3.62429079432741e-22 3.42963272942997e-22 3.81894885922485e-22
54052090.7251378 2.22312005205718e-22 2.07049718349737e-22 2.37574292061699e-22
68538957.9028144 1.36080303346783e-22 1.23849786964554e-22 1.48310819729013e-22
86908548.5386981 8.30762456435479e-23 7.32038853490858e-23 9.29486059380101e-23
110201497.662297 5.0547452434099e-23 4.25943992341805e-23 5.85005056340175e-23
139737347.950364 3.06246697928529e-23 2.42633573681846e-23 3.69859822175213e-23
177189301.655759 1.84542919161839e-23 1.34166803342009e-23 2.34919034981669e-23
