112606.251051226 1.25867982572745e-16 1.22705976313019e-16 1.29029988832471e-16
142786.615593472 7.78896854936067e-17 7.61010346672383e-17 7.96783363199752e-17
181055.824186555 4.81974410339338e-17 4.71910548035836e-17 4.9203827264284e-17
229581.822747338 2.98223476442419e-17 2.92588850185395e-17 3.03858102699444e-17
291113.603071291 1.84512790268635e-17 1.8136959634936e-17 1.87655984187911e-17
369136.932876502 1.1414818916388e-17 1.12396539516884e-17 1.15899838810877e-17
468071.824112259 7.0608696644686e-18 6.96286992210827e-18 7.15886940682893e-18
593522.926087366 4.36696464201406e-18 4.31149031053484e-18 4.42243897349327e-18
752597.028157849 2.70032058105771e-18 2.66822064617017e-18 2.73242051594525e-18
954305.65846188 1.66932979113473e-18 1.65015395329153e-18 1.68850562897792e-18
1210075.58587031 1.03164661782631e-18 1.01976498668806e-18 1.04352824896456e-18
1534396.14502492 6.37301269789013e-19 6.29692467897012e-19 6.44910071681014e-19
1945640.05534746 3.93492735486277e-19 3.88506225204882e-19 3.98479245767673e-19
2467104.23331454 2.42799223848429e-19 2.39492346518824e-19 2.46106101178034e-19
3128329.55988436 1.49692864794341e-19 1.4749412866e-19 1.51891600928681e-19
3966774.36773649 9.21939699055755e-20 9.07372935920603e-20 9.36506462190906e-20
5029936.45116879 5.6706167341123e-20 5.57480212596939e-20 5.76643134225522e-20
6378043.81024912 3.4820154371256e-20 3.41953620503118e-20 3.54449466922001e-20
8087466.55954362 2.13357914074887e-20 2.09316797430821e-20 2.17399030718953e-20
10255043.285628 1.30381894832381e-20 1.27781342642558e-20 1.32982447022205e-20
13003566.9409974 7.940408259087e-21 7.77276468874603e-21 8.10805182942798e-21
16488741.0495845 4.8149072257865e-21 4.70538398869995e-21 4.92443046287305e-21
20908000.2920645 2.90367876565349e-21 2.83006705081088e-21 2.97729048049609e-21
26511695.1560098 1.73894439975443e-21 1.68743645358486e-21 1.790452345924e-21
33617274.2599379 1.03225965358813e-21 9.94734853636224e-22 1.06978445354004e-21
42627267.7781488 6.05941638849266e-22 5.77848487691277e-22 6.34034790007254e-22
54052090.7251378 3.50677812329534e-22 3.2946257244605e-22 3.71893052213018e-22
68538957.9028144 1.99328444314644e-22 1.83436352264537e-22 2.1522053636475e-22
86908548.5386981 1.10743643887671e-22 9.90864283972772e-23 1.22400859378065e-22
110201497.662297 5.97723661554287e-23 5.148480985944e-23 6.80599224514173e-23
139737347.950364 3.10989544009639e-23 2.54424884176178e-23 3.675542038431e-23
177189301.655759 1.54448477594403e-23 1.17764660264368e-23 1.91132294924438e-23
