112606.251051226 2.42172870098551e-16 2.38299637327448e-16 2.46046102869654e-16
142786.615593472 1.50303356002081e-16 1.48101279585899e-16 1.52505432418263e-16
181055.824186555 9.32849137228823e-17 9.20388735371801e-17 9.45309539085845e-17
229581.822747338 5.78966688811601e-17 5.71945037536601e-17 5.85988340086601e-17
291113.603071291 3.59331270149081e-17 3.55384917123132e-17 3.6327762317503e-17
369136.932876502 2.23015745096397e-17 2.20797227492727e-17 2.25234262700067e-17
468071.824112259 1.38412358612765e-17 1.37158589094385e-17 1.39666128131146e-17
593522.926087366 8.59038701048064e-18 8.5186160316827e-18 8.66215798927857e-18
752597.028157849 5.33149136438397e-18 5.28948009355141e-18 5.37350263521653e-18
954305.65846188 3.30888981732783e-18 3.28352611539589e-18 3.33425351925976e-18
1210075.58587031 2.05358592016643e-18 2.03773383970744e-18 2.06943800062543e-18
1534396.14502492 1.27449934441441e-18 1.26427916939452e-18 1.28471951943431e-18
1945640.05534746 7.90972698257051e-19 7.84235095558588e-19 7.97710300955515e-19
2467104.23331454 4.90882111421824e-19 4.86385492232999e-19 4.95378730610649e-19
3128329.55988436 3.0463872009413e-19 3.0162560736343e-19 3.07651832824831e-19
3966774.36773649 1.89052788155311e-19 1.87037049501653e-19 1.91068526808969e-19
5029936.45116879 1.17319040795738e-19 1.15977299310198e-19 1.18660782281278e-19
6378043.81024912 7.28011071439172e-20 7.19139675522738e-20 7.36882467355605e-20
8087466.55954362 4.51738657696148e-20 4.45913758131423e-20 4.57563557260872e-20
10255043.285628 2.80292131807849e-20 2.76489338865698e-20 2.84094924750001e-20
13003566.9409974 1.73900994396753e-20 1.71424092746031e-20 1.76377896047475e-20
16488741.0495845 1.07882754147236e-20 1.06262445442325e-20 1.09503062852146e-20
20908000.2920645 6.69190464099204e-21 6.58426974778227e-21 6.79953953420181e-21
26511695.1560098 4.15031652691199e-21 4.07663772802838e-21 4.2239953257956e-21
33617274.2599379 2.57352682345503e-21 2.52085727251397e-21 2.62619637439609e-21
42627267.7781488 1.59540030029634e-21 1.555915458081e-21 1.63488514251169e-21
54052090.7251378 9.88725156762345e-22 9.57924670081966e-22 1.01952564344272e-21
68538957.9028144 6.1250585804418e-22 5.87857905588042e-22 6.37153810500319e-22
86908548.5386981 3.79251893659486e-22 3.59281457913245e-22 3.99222329405726e-22
110201497.662297 2.34676670531957e-22 2.18440130838208e-22 2.50913210225706e-22
139737347.950364 1.45098501802239e-22 1.31918856648824e-22 1.58278146955653e-22
177189301.655759 8.96217067608667e-23 7.89672575712835e-23 1.0027615595045e-22
