112606.251051226 1.75683287520383e-16 1.72228575696914e-16 1.79137999343852e-16
142786.615593472 1.09492914453026e-16 1.07523157696182e-16 1.1146267120987e-16
181055.824186555 6.82364419825894e-17 6.71191310744205e-17 6.93537528907583e-17
229581.822747338 4.25221060731858e-17 4.18912843417954e-17 4.31529278045761e-17
291113.603071291 2.64955309968265e-17 2.614056691671e-17 2.68504950769431e-17
369136.932876502 1.65074159130689e-17 1.63077983310338e-17 1.67070334951039e-17
468071.824112259 1.02830131217833e-17 1.01702706595071e-17 1.03957555840595e-17
593522.926087366 6.40440886354099e-18 6.3399639056063e-18 6.46885382147568e-18
752597.028157849 3.98779592743511e-18 3.95014133802202e-18 4.0254505168482e-18
954305.65846188 2.48229808841033e-18 2.45959653375312e-18 2.50499964306753e-18
1210075.58587031 1.54456596565299e-18 1.53038283375615e-18 1.55874909754984e-18
1534396.14502492 9.60606132123688e-19 9.51456040923238e-19 9.69756223324139e-19
1945640.05534746 5.97053648120572e-19 5.91015562346982e-19 6.03091733894161e-19
2467104.23331454 3.70798409216278e-19 3.66766794370768e-19 3.74830024061788e-19
3128329.55988436 2.30052422045398e-19 2.27352951263554e-19 2.32751892827241e-19
3966774.36773649 1.42548766118178e-19 1.40747219032927e-19 1.44350313203429e-19
5029936.45116879 8.81860307331936e-20 8.69920212575945e-20 8.93800402087927e-20
6378043.81024912 5.44437600577758e-20 5.36591750193415e-20 5.522834509621e-20
8087466.55954362 3.35251250774935e-20 3.30139330199426e-20 3.40363171350444e-20
10255043.285628 2.05761865887989e-20 2.02452024743943e-20 2.09071707032036e-20
13003566.9409974 1.25761839660663e-20 1.23620907969436e-20 1.2790277135189e-20
16488741.0495845 7.64605013512405e-21 7.50640224006611e-21 7.78569803018198e-21
20908000.2920645 4.61757942004909e-21 4.52452951484612e-21 4.71062932525206e-21
26511695.1560098 2.76503335678699e-21 2.70093450478308e-21 2.8291322087909e-21
33617274.2599379 1.63796958302039e-21 1.59217223717544e-21 1.68376692886533e-21
42627267.7781488 9.57141799959181e-22 9.23520719821778e-22 9.90762880096584e-22
54052090.7251378 5.49694060368974e-22 5.24768066112806e-22 5.74620054625142e-22
68538957.9028144 3.08832577206931e-22 2.9050158129215e-22 3.27163573121711e-22
86908548.5386981 1.68742649297675e-22 1.55570671839197e-22 1.81914626756153e-22
110201497.662297 8.89986118935122e-23 7.98671897305381e-23 9.81300340564863e-23
139737347.950364 4.48834187241008e-23 3.88487579198208e-23 5.09180795283808e-23
177189301.655759 2.13854555108634e-23 1.76324843629648e-23 2.5138426658762e-23
