112606.251051226 1.24103772187437e-16 1.20962885929184e-16 1.27244658445691e-16
142786.615593472 7.68837535389645e-17 7.51077116931105e-17 7.86597953848184e-17
181055.824186555 4.76267805335156e-17 4.66280646728308e-17 4.86254963942004e-17
229581.822747338 2.95002769682117e-17 2.89415354170913e-17 3.00590185193321e-17
291113.603071291 1.82703970411361e-17 1.79589840624839e-17 1.85818100197883e-17
369136.932876502 1.1313649031622e-17 1.11402438599809e-17 1.14870542032631e-17
468071.824112259 7.00442097351395e-18 6.90744375411639e-18 7.10139819291151e-18
593522.926087366 4.3354458774972e-18 4.28052011150331e-18 4.39037164349108e-18
752597.028157849 2.68261495642132e-18 2.65076820491982e-18 2.71446170792282e-18
954305.65846188 1.65924016060114e-18 1.64014759963708e-18 1.6783327215652e-18
1210075.58587031 1.02574628406248e-18 1.01386430667385e-18 1.0376282614511e-18
1534396.14502492 6.33711263657487e-19 6.26072007227505e-19 6.41350520087468e-19
1945640.05534746 3.91190982814127e-19 3.86171610078359e-19 3.96210355549896e-19
2467104.23331454 2.41233314640608e-19 2.37901934111828e-19 2.44564695169389e-19
3128329.55988436 1.4856497828339e-19 1.46351916145875e-19 1.50778040420905e-19
3966774.36773649 9.13426769281905e-20 8.98799818789531e-20 9.2805371977428e-20
5029936.45116879 5.6042265759233e-20 5.50836051351305e-20 5.70009263833355e-20
6378043.81024912 3.42923278869996e-20 3.3669968457927e-20 3.49146873160722e-20
8087466.55954362 2.0912526466375e-20 2.05118639450757e-20 2.13131889876742e-20
10255043.285628 1.26984244833563e-20 1.24415675912138e-20 1.29552813754989e-20
13003566.9409974 7.66878930383849e-21 7.50342023805804e-21 7.83415836961893e-21
16488741.0495845 4.59942108963503e-21 4.49108672608892e-21 4.70775545318113e-21
20908000.2920645 2.7344798579855e-21 2.66122397762054e-21 2.80773573835045e-21
26511695.1560098 1.6077618620954e-21 1.55627149764604e-21 1.65925222654476e-21
33617274.2599379 9.32075494147981e-22 8.94718934489834e-22 9.69432053806127e-22
42627267.7781488 5.30790576657028e-22 5.03310018620334e-22 5.58271134693723e-22
54052090.7251378 2.95501024796306e-22 2.75407579158801e-22 3.15594470433811e-22
68538957.9028144 1.59853500519399e-22 1.45495602491876e-22 1.74211398546923e-22
86908548.5386981 8.33815203420763e-23 7.34936596398807e-23 9.32693810442719e-23
110201497.662297 4.15301163135032e-23 3.50501199121616e-23 4.80101127148449e-23
139737347.950364 1.95086523766604e-23 1.55214778002542e-23 2.34958269530666e-23
177189301.655759 8.50837693028003e-24 6.24111317590248e-24 1.07756406846576e-23
