112606.251051226 2.31269166811654e-16 2.27465743157153e-16 2.35072590466156e-16
142786.615593472 1.44347997630238e-16 1.42178236071914e-16 1.46517759188562e-16
181055.824186555 9.00903399388947e-17 8.88588150259563e-17 9.13218648518332e-17
229581.822747338 5.62229033932287e-17 5.55270177149316e-17 5.69187890715259e-17
291113.603071291 3.50838467768533e-17 3.46917695389831e-17 3.54759240147234e-17
369136.932876502 2.18901641227396e-17 2.16692127692761e-17 2.2111115476203e-17
468071.824112259 1.36560385859985e-17 1.35308192687035e-17 1.37812579032935e-17
593522.926087366 8.51758828411805e-18 8.44563408301046e-18 8.58954248522564e-18
752597.028157849 5.31131771288497e-18 5.26897035428137e-18 5.35366507148856e-18
954305.65846188 3.3109541314646e-18 3.28520525029282e-18 3.33670301263637e-18
1210075.58587031 2.06316127505978e-18 2.04694046395355e-18 2.07938208616601e-18
1534396.14502492 1.28498046375036e-18 1.27444625405773e-18 1.29551467344298e-18
1945640.05534746 7.99806880575656e-19 7.92824903756725e-19 8.06788857394588e-19
2467104.23331454 4.97422443851187e-19 4.92749496741335e-19 5.02095390961039e-19
3128329.55988436 3.0904653494055e-19 3.05914730912355e-19 3.12178338968745e-19
3966774.36773649 1.91761866242079e-19 1.89671805031951e-19 1.93851927452208e-19
5029936.45116879 1.18792865658049e-19 1.17408440849475e-19 1.20177290466623e-19
6378043.81024912 7.34374945557563e-20 7.25286085970876e-20 7.4346380514425e-20
8087466.55954362 4.52796795853405e-20 4.4688091643358e-20 4.5871267527323e-20
10255043.285628 2.78253581902202e-20 2.74426172145476e-20 2.82080991658929e-20
13003566.9409974 1.70271514700528e-20 1.67795826930404e-20 1.72747202470652e-20
16488741.0495845 1.03637021886427e-20 1.02019645696656e-20 1.05254398076197e-20
20908000.2920645 6.265208274075e-21 6.15701225781581e-21 6.37340429033419e-21
26511695.1560098 3.75502202071224e-21 3.68001720780225e-21 3.83002683362222e-21
33617274.2599379 2.22608887756758e-21 2.17210565834695e-21 2.2800720967882e-21
42627267.7781488 1.30152729838749e-21 1.26163832911233e-21 1.34141626766265e-21
54052090.7251378 7.47707227845762e-22 7.17996531983525e-22 7.77417923707999e-22
68538957.9028144 4.20079760792171e-22 3.98170333364019e-22 4.41989188220324e-22
86908548.5386981 2.29435132674055e-22 2.13673862757205e-22 2.45196402590906e-22
110201497.662297 1.20900183781862e-22 1.09975082345628e-22 1.31825285218095e-22
139737347.950364 6.08782607970646e-23 5.36669222470906e-23 6.80895993470386e-23
177189301.655759 2.89385858217165e-23 2.44639711016341e-23 3.34132005417989e-23
