112606.251051226 6.45680034398608e-17 6.20216821410653e-17 6.71143247386562e-17
142786.615593472 3.99188638538561e-17 3.84768141299087e-17 4.13609135778035e-17
181055.824186555 2.46783815951385e-17 2.38662701787211e-17 2.54904930115559e-17
229581.822747338 1.52555154833735e-17 1.48006795594146e-17 1.57103514073325e-17
291113.603071291 9.4297727059584e-18 9.17626747949823e-18 9.68327793241857e-18
369136.932876502 5.82814131359973e-18 5.68728776849576e-18 5.96899485870371e-18
468071.824112259 3.60164780045623e-18 3.52335100150962e-18 3.67994459940285e-18
593522.926087366 2.2253548356181e-18 2.18153765103074e-18 2.26917202020546e-18
752597.028157849 1.37468930813051e-18 1.34976769176471e-18 1.39961092449631e-18
954305.65846188 8.48969798284014e-19 8.34400776060876e-19 8.63538820507152e-19
1210075.58587031 5.24120091812031e-19 5.15288787099867e-19 5.32951396524196e-19
1534396.14502492 3.23429993440072e-19 3.1787249662201e-19 3.28987490258135e-19
1945640.05534746 1.99475707234267e-19 1.95871819468418e-19 2.03079595000116e-19
2467104.23331454 1.22940708871826e-19 1.20560678114433e-19 1.25320739629218e-19
3128329.55988436 7.57034910035893e-20 7.41204676685514e-20 7.72865143386273e-20
3966774.36773649 4.65636776634285e-20 4.55117510225768e-20 4.76156043042801e-20
5029936.45116879 2.85995236939597e-20 2.79045893499611e-20 2.92944580379582e-20
6378043.81024912 1.75341354734763e-20 1.70788079906793e-20 1.79894629562733e-20
8087466.55954362 1.07253949511986e-20 1.04295845948202e-20 1.10212053075769e-20
10255043.285628 6.5415173353295e-21 6.35056931296395e-21 6.73246535769505e-21
13003566.9409974 3.97503782190216e-21 3.85192296445664e-21 4.09815267934768e-21
16488741.0495845 2.40420845518791e-21 2.32417007970613e-21 2.48424683066968e-21
20908000.2920645 1.44552788664817e-21 1.39236529769795e-21 1.49869047559839e-21
26511695.1560098 8.62608597594277e-22 8.2607801073955e-22 8.99139184449005e-22
33617274.2599379 5.09868781073956e-22 4.8379943230007e-22 5.35938129847843e-22
42627267.7781488 2.9774884524721e-22 2.78598370974956e-22 3.16899319519465e-22
54052090.7251378 1.7123040784141e-22 1.56992452129364e-22 1.85468363553457e-22
68538957.9028144 9.65751997110831e-23 8.6047847579494e-23 1.07102551842672e-22
86908548.5386981 5.31423267980292e-23 4.55132422945068e-23 6.07714113015517e-23
110201497.662297 2.83423165839083e-23 2.29874907956865e-23 3.36971423721302e-23
139737347.950364 1.45281474225793e-23 1.0927269372651e-23 1.81290254725076e-23
177189301.655759 7.08190387322514e-24 4.78868772753152e-24 9.37512001891876e-24
