112606.251051226 1.21988314863373e-16 1.18882563632395e-16 1.2509406609435e-16
142786.615593472 7.57912035051505e-17 7.40271737885223e-17 7.75552332217786e-17
181055.824186555 4.70858830585889e-17 4.60893828513754e-17 4.80823832658024e-17
229581.822747338 2.92500289948533e-17 2.8689967087776e-17 2.98100909019307e-17
291113.603071291 1.81683634303664e-17 1.78548337158219e-17 1.8481893144911e-17
369136.932876502 1.12835795365257e-17 1.11083127773724e-17 1.14588462956789e-17
468071.824112259 7.00654475396066e-18 6.90824802034072e-18 7.1048414875806e-18
593522.926087366 4.34977678982078e-18 4.29404547236209e-18 4.40550810727947e-18
752597.028157849 2.69967156357129e-18 2.66739975052818e-18 2.7319433766144e-18
954305.65846188 1.67495775537839e-18 1.65567596616813e-18 1.69423954458865e-18
1210075.58587031 1.03873620676568e-18 1.02678574731795e-18 1.05068666621341e-18
1534396.14502492 6.43819073221616e-19 6.36159114450176e-19 6.51479031993055e-19
1945640.05534746 3.98762654178219e-19 3.9373401788779e-19 4.03791290468648e-19
2467104.23331454 2.46759941170393e-19 2.4341761547194e-19 2.50102266868846e-19
3128329.55988436 1.52524541780275e-19 1.50296843326355e-19 1.54752240234195e-19
3966774.36773649 9.41406067779361e-20 9.26613643626505e-20 9.56198491932217e-20
5029936.45116879 5.7998690494047e-20 5.70238134400109e-20 5.89735675480831e-20
6378043.81024912 3.5649213569995e-20 3.50125700407361e-20 3.62858570992539e-20
8087466.55954362 2.18474998940879e-20 2.14353040400529e-20 2.2259695748123e-20
10255043.285628 1.33392223107355e-20 1.30737841270001e-20 1.36046604944709e-20
13003566.9409974 8.10590013468931e-21 7.93468537915253e-21 8.27711489022609e-21
16488741.0495845 4.89623636815382e-21 4.78430559880524e-21 5.0081671375024e-21
20908000.2920645 2.93504301392903e-21 2.85979375451009e-21 3.01029227334797e-21
26511695.1560098 1.74249145763362e-21 1.68993472181681e-21 1.79504819345043e-21
33617274.2599379 1.02189521090317e-21 9.83849768303346e-22 1.059940653503e-21
42627267.7781488 5.90059233196051e-22 5.61938302981207e-22 6.18180163410895e-22
54052090.7251378 3.34064428124467e-22 3.13252796595058e-22 3.54876059653876e-22
68538957.9028144 1.84466475511534e-22 1.69313528718186e-22 1.99619422304882e-22
86908548.5386981 9.86847336304785e-23 8.7983351153458e-23 1.09386116107499e-22
110201497.662297 5.07155704054115e-23 4.34745077108443e-23 5.79566330999787e-23
139737347.950364 2.4769483137765e-23 2.01325246179278e-23 2.94064416576023e-23
177189301.655759 1.13409511864816e-23 8.5699210374285e-24 1.41119813355348e-23
