112606.251051226 1.21032165823198e-16 1.17898869279636e-16 1.24165462366761e-16
142786.615593472 7.50590126218756e-17 7.32810076831424e-17 7.68370175606087e-17
181055.824186555 4.65459448954477e-17 4.55424277067811e-17 4.75494620841143e-17
229581.822747338 2.88623468854502e-17 2.82988219427589e-17 2.94258718281414e-17
291113.603071291 1.78955228031833e-17 1.75803455714242e-17 1.82107000349423e-17
369136.932876502 1.10945621773666e-17 1.09185797953594e-17 1.12705445593738e-17
468071.824112259 6.87727494059709e-18 6.77874359417366e-18 6.97580628702053e-18
593522.926087366 4.26233012142706e-18 4.20661004081473e-18 4.3180502020394e-18
752597.028157849 2.64108279359846e-18 2.60893913935046e-18 2.67322644784645e-18
954305.65846188 1.63604603121066e-18 1.61693402372875e-18 1.65515803869257e-18
1210075.58587031 1.01310637095125e-18 1.00132301377993e-18 1.02488972812258e-18
1534396.14502492 6.27074775391855e-19 6.19556625697021e-19 6.34592925086689e-19
1945640.05534746 3.87914527874238e-19 3.82995205596535e-19 3.92833850151941e-19
2467104.23331454 2.39794287917274e-19 2.36530643325769e-19 2.43057932508778e-19
3128329.55988436 1.48096079213086e-19 1.45922117466759e-19 1.50270040959413e-19
3966774.36773649 9.13573596224362e-20 8.99132586275149e-20 9.28014606173575e-20
5029936.45116879 5.62734430026246e-20 5.53206956502034e-20 5.72261903550457e-20
6378043.81024912 3.45980695294537e-20 3.39749401621233e-20 3.52211988967841e-20
8087466.55954362 2.12212598749628e-20 2.08172021545213e-20 2.16253175954042e-20
10255043.285628 1.29773365025249e-20 1.27169269142392e-20 1.32377460908107e-20
13003566.9409974 7.90579120725691e-21 7.73798783762049e-21 8.07359457689334e-21
16488741.0495845 4.79299547270084e-21 4.68373922531012e-21 4.90225172009156e-21
20908000.2920645 2.888073730306e-21 2.81515864974985e-21 2.96098881086215e-21
26511695.1560098 1.72677628425587e-21 1.67626554117627e-21 1.77728702733547e-21
33617274.2599379 1.02231862433599e-21 9.85921153783442e-22 1.05871609488854e-21
42627267.7781488 5.97740110147858e-22 5.70766581731897e-22 6.24713638563818e-22
54052090.7251378 3.4400179839254e-22 3.23820035098294e-22 3.64183561686786e-22
68538957.9028144 1.94038471421367e-22 1.79061839047e-22 2.09015103795733e-22
86908548.5386981 1.06698022710715e-22 9.58306131194108e-23 1.1756543230202e-22
110201497.662297 5.68070714762049e-23 4.91849021338529e-23 6.44292408185568e-23
139737347.950364 2.90313792747232e-23 2.39192505090482e-23 3.41435080403982e-23
177189301.655759 1.4085965957675e-23 1.08452341449203e-23 1.73266977704297e-23
