112606.251051226 1.26897763418219e-16 1.23766788204122e-16 1.30028738632317e-16
142786.615593472 7.83487747351707e-17 7.65762287219024e-17 8.0121320748439e-17
181055.824186555 4.83738234671286e-17 4.73753177973388e-17 4.93723291369184e-17
229581.822747338 2.98667919789033e-17 2.9306905269274e-17 3.04266786885326e-17
291113.603071291 1.84402448093107e-17 1.81274082615198e-17 1.87530813571016e-17
369136.932876502 1.13853062220144e-17 1.1210722127241e-17 1.15598903167877e-17
468071.824112259 7.02947124633291e-18 6.93174821608912e-18 7.1271942765767e-18
593522.926087366 4.34010749793443e-18 4.28486834077588e-18 4.39534665509298e-18
752597.028157849 2.67965058823545e-18 2.64782477822126e-18 2.71147639824964e-18
954305.65846188 1.6544576872957e-18 1.63558570801308e-18 1.67332966657832e-18
1210075.58587031 1.0214871936242e-18 1.00989929052213e-18 1.03307509672627e-18
1534396.14502492 6.30681207182764e-19 6.23321342241999e-19 6.3804107212353e-19
1945640.05534746 3.8939150860733e-19 3.84593672307928e-19 3.94189344906731e-19
2467104.23331454 2.40415566733925e-19 2.37238626663182e-19 2.43592506804667e-19
3128329.55988436 1.48435604446859e-19 1.46318620970801e-19 1.50552587922916e-19
3966774.36773649 9.1645852720208e-20 9.02356737373264e-20 9.30560317030896e-20
5029936.45116879 5.65830784212078e-20 5.56479102895198e-20 5.75182465528957e-20
6378043.81024912 3.49348666160872e-20 3.43187952065192e-20 3.55509380256552e-20
8087466.55954362 2.15690013673605e-20 2.11660559162195e-20 2.19719468185014e-20
10255043.285628 1.33167730013196e-20 1.30548499767938e-20 1.35786960258455e-20
13003566.9409974 8.22177206634155e-21 8.05202978015162e-21 8.39151435253149e-21
16488741.0495845 5.07608246746077e-21 4.96569896992519e-21 5.18646596499634e-21
20908000.2920645 3.13391958905867e-21 3.06109251539937e-21 3.20674666271798e-21
26511695.1560098 1.93482586730149e-21 1.88533654336277e-21 1.9843151912402e-21
33617274.2599379 1.19450892309622e-21 1.15937043326609e-21 1.22964741292635e-21
42627267.7781488 7.37443311339596e-22 7.11238787620999e-22 7.63647835058193e-22
54052090.7251378 4.55257800669586e-22 4.34886511402329e-22 4.75629089936843e-22
68538957.9028144 2.81043051849735e-22 2.64773825335909e-22 2.97312278363562e-22
86908548.5386981 1.73488801640767e-22 1.60322097004993e-22 1.86655506276541e-22
110201497.662297 1.07089936160193e-22 9.63910524184551e-23 1.1778881990193e-22
139737347.950364 6.60995890737535e-23 5.74151378280282e-23 7.47840403194789e-23
177189301.655759 4.07957085340997e-23 3.3770417025101e-23 4.78210000430984e-23
