112606.251051226 6.38814421860276e-17 6.13508837220782e-17 6.6412000649977e-17
142786.615593472 3.92687757217018e-17 3.78409474587102e-17 4.06966039846935e-17
181055.824186555 2.41390389631131e-17 2.33376533271128e-17 2.49404245991134e-17
229581.822747338 1.48385869329522e-17 1.43911252302558e-17 1.52860486356487e-17
291113.603071291 9.12147471432642e-18 8.87276240617249e-18 9.37018702248036e-18
369136.932876502 5.60708965205759e-18 5.46925083833519e-18 5.74492846578e-18
468071.824112259 3.44675052843721e-18 3.37033112919927e-18 3.52316992767516e-18
593522.926087366 2.11876156657734e-18 2.07613351977924e-18 2.16138961337544e-18
752597.028157849 1.30242935471568e-18 1.27829497440017e-18 1.32656373503119e-18
954305.65846188 8.00619346492361e-19 7.86602159873942e-19 8.1463653311078e-19
1210075.58587031 4.92150295237814e-19 4.83723162689455e-19 5.00577427786173e-19
1534396.14502492 3.02530469849492e-19 2.97272964566676e-19 3.07787975132309e-19
1945640.05534746 1.85968811797298e-19 1.82584461882491e-19 1.89353161712105e-19
2467104.23331454 1.14316950816585e-19 1.12092931794593e-19 1.16540969838578e-19
3128329.55988436 7.0271713053483e-20 6.8795697484697e-20 7.17477286222689e-20
3966774.36773649 4.31966114290636e-20 4.22153623580826e-20 4.41778605000446e-20
5029936.45116879 2.65532596940149e-20 2.59032152698184e-20 2.72033041182114e-20
6378043.81024912 1.63224282640525e-20 1.58945072828965e-20 1.67503492452085e-20
8087466.55954362 1.00334461713736e-20 9.75379117348677e-21 1.03131011692605e-20
10255043.285628 6.16756154308337e-21 5.98599075758235e-21 6.34913232858439e-21
13003566.9409974 3.7911793967222e-21 3.67371743215366e-21 3.90864136129073e-21
16488741.0495845 2.33040809387077e-21 2.25423000337334e-21 2.4065861843682e-21
20908000.2920645 1.43247010695343e-21 1.38241804553716e-21 1.48252216836969e-21
26511695.1560098 8.80509430337598e-22 8.46696234194988e-22 9.14322626480207e-22
33617274.2599379 5.41222612029543e-22 5.1738989007576e-22 5.65055333983326e-22
42627267.7781488 3.32666894056666e-22 3.15030110520248e-22 3.50303677593084e-22
54052090.7251378 2.04471482802561e-22 1.90855747872211e-22 2.18087217732911e-22
68538957.9028144 1.25673181938331e-22 1.14861811988505e-22 1.36484551888158e-22
86908548.5386981 7.72388170044997e-23 6.85310015197832e-23 8.59466324892163e-23
110201497.662297 4.74686886099189e-23 4.04225130159229e-23 5.45148642039148e-23
139737347.950364 2.91710285100109e-23 2.34736825294169e-23 3.48683744906049e-23
177189301.655759 1.7925111687727e-23 1.33335584550224e-23 2.25166649204315e-23
