112606.251051226 1.18947961393326e-16 1.15919476821687e-16 1.21976445964966e-16
142786.615593472 7.41695336519941e-17 7.24419592617588e-17 7.58971080422295e-17
181055.824186555 4.62451644216158e-17 4.52649677703908e-17 4.72253610728408e-17
229581.822747338 2.88318095256048e-17 2.82784572136091e-17 2.93851618376005e-17
291113.603071291 1.79735071642294e-17 1.76623518762333e-17 1.82846624522254e-17
369136.932876502 1.12030725772865e-17 1.10283753765895e-17 1.13777697779836e-17
468071.824112259 6.9818367403462e-18 6.88346269422457e-18 7.08021078646782e-18
593522.926087366 4.35021989349002e-18 4.29425310278809e-18 4.40618668419196e-18
752597.028157849 2.70980049197991e-18 2.6773113080433e-18 2.74228967591652e-18
954305.65846188 1.6873962441364e-18 1.66795618591907e-18 1.70683630235373e-18
1210075.58587031 1.05029493047221e-18 1.03823707194972e-18 1.06235278899469e-18
1534396.14502492 6.53386496874682e-19 6.45651909206264e-19 6.61121084543099e-19
1945640.05534746 4.06191348753597e-19 4.0110721284262e-19 4.11275484664574e-19
2467104.23331454 2.52297440093128e-19 2.48911433259404e-19 2.55683446926852e-19
3128329.55988436 1.56536376836606e-19 1.54273572875915e-19 1.58799180797297e-19
3966774.36773649 9.69860766083981e-20 9.54788595626952e-20 9.8493293654101e-20
5029936.45116879 5.99835472298836e-20 5.89869177654919e-20 6.09801766942752e-20
6378043.81024912 3.70149188505279e-20 3.63618884953453e-20 3.76679492057105e-20
8087466.55954362 2.27761972161381e-20 2.23520778465943e-20 2.32003165856818e-20
10255043.285628 1.39641008932789e-20 1.36902921314064e-20 1.42379096551514e-20
13003566.9409974 8.52217788694165e-21 8.34528404343726e-21 8.69907173044605e-21
16488741.0495845 5.17082216154885e-21 5.05513140965996e-21 5.28651291343774e-21
20908000.2920645 3.1143132020703e-21 3.03656654684325e-21 3.19205985729735e-21
26511695.1560098 1.85822929885926e-21 1.80392580531168e-21 1.91253279240684e-21
33617274.2599379 1.09567306036899e-21 1.05628862107004e-21 1.13505749966795e-21
42627267.7781488 6.36393318175061e-22 6.07157547842852e-22 6.6562908850727e-22
54052090.7251378 3.62644542345242e-22 3.40869799935017e-22 3.84419284755468e-22
68538957.9028144 2.01709323145588e-22 1.85729058825238e-22 2.17689587465937e-22
86908548.5386981 1.08803544444617e-22 9.74135554579603e-23 1.20193533431274e-22
110201497.662297 5.64495257982372e-23 4.86612809377183e-23 6.42377706587562e-23
139737347.950364 2.78771454752366e-23 2.28296406140574e-23 3.29246503364158e-23
177189301.655759 1.29319392220098e-23 9.87342526486733e-24 1.59904531791523e-23
