112606.251051226 1.78987624542845e-16 1.75368968607263e-16 1.82606280478426e-16
142786.615593472 1.10998675941361e-16 1.08957484371259e-16 1.13039867511463e-16
181055.824186555 6.88265950343559e-17 6.76817934667226e-17 6.99713966019892e-17
229581.822747338 4.26700716890095e-17 4.20312365922395e-17 4.33089067857795e-17
291113.603071291 2.6448431718003e-17 2.60930804909941e-17 2.6803782945012e-17
369136.932876502 1.63893480532799e-17 1.61915698465908e-17 1.6587126259969e-17
468071.824112259 1.01526137295125e-17 1.0041736409532e-17 1.0263491049493e-17
593522.926087366 6.28650789495273e-18 6.22327232869909e-18 6.34974346120637e-18
752597.028157849 3.8905142773373e-18 3.8534004087885e-18 3.9276281458861e-18
954305.65846188 2.40606733488792e-18 2.3834623804851e-18 2.42867228929074e-18
1210075.58587031 1.48673037042791e-18 1.47244173309566e-18 1.50101900776016e-18
1534396.14502492 9.17655050991911e-19 9.08362157248786e-19 9.26947944735036e-19
1945640.05534746 5.65615915184288e-19 5.59474496238423e-19 5.71757334130153e-19
2467104.23331454 3.48013847757136e-19 3.43935883514419e-19 3.52091811999854e-19
3128329.55988436 2.13647853600405e-19 2.10948922891511e-19 2.163467843093e-19
3966774.36773649 1.30787697844393e-19 1.29015931544809e-19 1.32559464143977e-19
5029936.45116879 7.97757637421533e-20 7.86247393722242e-20 8.09267881120823e-20
6378043.81024912 4.84385913964918e-20 4.76986028690282e-20 4.91785799239553e-20
8087466.55954362 2.9241313504577e-20 2.87692084982128e-20 2.97134185109411e-20
10255043.285628 1.75231823339033e-20 1.72222728812703e-20 1.78240917865362e-20
13003566.9409974 1.04036333115226e-20 1.02098245738226e-20 1.05974420492226e-20
16488741.0495845 6.10420590410917e-21 5.97629301361565e-21 6.23211879460269e-21
20908000.2920645 3.52834485530644e-21 3.44105326733561e-21 3.61563644327727e-21
26511695.1560098 2.00109574420532e-21 1.93976515317065e-21 2.06242633523998e-21
33617274.2599379 1.10792382445007e-21 1.06432153707799e-21 1.15152611182216e-21
42627267.7781488 5.9496999004823e-22 5.64288323499124e-22 6.25651656597336e-22
54052090.7251378 3.07376231447856e-22 2.86438881146894e-22 3.28313581748817e-22
68538957.9028144 1.51192489743293e-22 1.37579711743817e-22 1.6480526774277e-22
86908548.5386981 6.98814677942105e-23 6.15894815264962e-23 7.81734540619249e-23
110201497.662297 2.98484432972048e-23 2.52013444409888e-23 3.44955421534209e-23
139737347.950364 1.15351624619738e-23 9.18986723929322e-24 1.38804576846543e-23
177189301.655759 3.92663678387457e-24 2.88872582910693e-24 4.9645477386422e-24
