112606.251051226 6.43288055814573e-17 6.18232309829038e-17 6.68343801800108e-17
142786.615593472 3.9749278402187e-17 3.83278753502834e-17 4.11706814540907e-17
181055.824186555 2.45609333329614e-17 2.37588257166631e-17 2.53630409492598e-17
229581.822747338 1.51757497683143e-17 1.4725463018274e-17 1.56260365183546e-17
291113.603071291 9.37653443969042e-18 9.12491099440993e-18 9.6281578849709e-18
369136.932876502 5.79319230862616e-18 5.65300851332021e-18 5.93337610393211e-18
468071.824112259 3.57908888214807e-18 3.50097861330765e-18 3.65719915098849e-18
593522.926087366 2.21105896741621e-18 2.16728539022348e-18 2.25483254460895e-18
752597.028157849 1.36582266208718e-18 1.34093930355234e-18 1.39070602062203e-18
954305.65846188 8.43617108575834e-19 8.29117118953364e-19 8.58117098198304e-19
1210075.58587031 5.21005146525959e-19 5.12264920817216e-19 5.29745372234702e-19
1534396.14502492 3.21713755400079e-19 3.16248693914824e-19 3.27178816885335e-19
1945640.05534746 1.98613942213565e-19 1.95088132528906e-19 2.02139751898224e-19
2467104.23331454 1.22585431969175e-19 1.20262871965893e-19 1.24907991972456e-19
3128329.55988436 7.56357780064784e-20 7.40904198157748e-20 7.7181136197182e-20
3966774.36773649 4.66484554126018e-20 4.56184544013213e-20 4.76784564238823e-20
5029936.45116879 2.87555057096126e-20 2.80714641144903e-20 2.94395473047348e-20
6378043.81024912 1.7714049929257e-20 1.72626822415969e-20 1.81654176169171e-20
8087466.55954362 1.09031237669433e-20 1.06074532007549e-20 1.11987943331318e-20
10255043.285628 6.70382616218619e-21 6.51135023724214e-21 6.89630208713024e-21
13003566.9409974 4.11632485019354e-21 3.99136947800718e-21 4.2412802223799e-21
16488741.0495845 2.5232185466777e-21 2.4417570556926e-21 2.60468003766281e-21
20908000.2920645 1.54333301308715e-21 1.48940831378186e-21 1.59725771239243e-21
26511695.1560098 9.41395067592283e-22 9.04644718833642e-22 9.78145416350925e-22
33617274.2599379 5.72231911988277e-22 5.4616265131013e-22 5.98301172666423e-22
42627267.7781488 3.4630187182176e-22 3.27034559906781e-22 3.65569183736739e-22
54052090.7251378 2.08404130236127e-22 1.93717203655367e-22 2.23091056816887e-22
68538957.9028144 1.24530260735333e-22 1.13157505992138e-22 1.35903015478528e-22
86908548.5386981 7.37452912527946e-23 6.49222854139152e-23 8.2568297091674e-23
110201497.662297 4.31754417559524e-23 3.63876321581385e-23 4.99632513537663e-23
139737347.950364 2.49145959294367e-23 1.97739859769702e-23 3.00552058819032e-23
177189301.655759 1.41156495505173e-23 1.03056250062759e-23 1.79256740947586e-23
