112606.251051226 6.46003028774471e-17 6.18215095364802e-17 6.73790962184141e-17
142786.615593472 3.96737496299422e-17 3.81158252196126e-17 4.12316740402718e-17
181055.824186555 2.43632648697729e-17 2.3495079487736e-17 2.52314502518099e-17
229581.822747338 1.49596522760501e-17 1.44787023949531e-17 1.54406021571471e-17
291113.603071291 9.18435993015898e-18 8.9192942111005e-18 9.44942564921746e-18
369136.932876502 5.63770004783781e-18 5.49206165602487e-18 5.78333843965074e-18
468071.824112259 3.45987803578267e-18 3.3797628388284e-18 3.53999323273694e-18
593522.926087366 2.12275615029596e-18 2.07830278373697e-18 2.16720951685495e-18
752597.028157849 1.30193076712992e-18 1.27677884324258e-18 1.32708269101726e-18
954305.65846188 7.98148171663817e-19 7.83460876146812e-19 8.12835467180822e-19
1210075.58587031 4.89030005352457e-19 4.80110581948704e-19 4.9794942875621e-19
1534396.14502492 2.99418437429308e-19 2.93795504098157e-19 3.05041370760459e-19
1945640.05534746 1.83159655135734e-19 1.79517993914118e-19 1.8680131635735e-19
2467104.23331454 1.11913980455359e-19 1.09522769274935e-19 1.14305191635783e-19
3128329.55988436 6.82824315613102e-20 6.67080982424033e-20 6.98567648802172e-20
3966774.36773649 4.1584827329239e-20 4.05532803626058e-20 4.26163742958723e-20
5029936.45116879 2.52666723104164e-20 2.45968602237563e-20 2.59364843970764e-20
6378043.81024912 1.53065379474384e-20 1.48762246824301e-20 1.57368512124466e-20
8087466.55954362 9.23798991071316e-21 8.9641999286841e-21 9.51177989274222e-21
10255043.285628 5.54897973813352e-21 5.37567493722415e-21 5.72228453904288e-21
13003566.9409974 3.31306931993501e-21 3.20288532921108e-21 3.42325331065894e-21
16488741.0495845 1.96303432786207e-21 1.89160284386982e-21 2.03446581185433e-21
20908000.2920645 1.15190174004018e-21 1.1039169456836e-21 1.19988653439676e-21
26511695.1560098 6.67674573386781e-22 6.34057973847029e-22 7.01291172926534e-22
33617274.2599379 3.81017912985996e-22 3.56707618331347e-22 4.05328207640645e-22
42627267.7781488 2.13178272488557e-22 1.95410797230308e-22 2.30945747746806e-22
54052090.7251378 1.16320719682408e-22 1.03477517181807e-22 1.29163922183009e-22
68538957.9028144 6.1485241799963e-23 5.24622646669105e-23 7.05082189330155e-23
86908548.5386981 3.12166022611071e-23 2.51420048115953e-23 3.72911997106189e-23
110201497.662297 1.50595250793353e-23 1.11918362832458e-23 1.89272138754249e-23
139737347.950364 6.8092733600571e-24 4.51356994684774e-24 9.10497677326646e-24
177189301.655759 2.83604521297352e-24 1.58741226369429e-24 4.08467816225274e-24
