112606.251051226 1.25075498674561e-16 1.21835024947887e-16 1.28315972401236e-16
142786.615593472 7.71257709986373e-17 7.53056043587668e-17 7.89459376385078e-17
181055.824186555 4.75532333406592e-17 4.65367750576378e-17 4.85696916236807e-17
229581.822747338 2.93157706247345e-17 2.87511515076403e-17 2.98803897418287e-17
291113.603071291 1.80695535690105e-17 1.77571270209279e-17 1.8381980117093e-17
369136.932876502 1.11352054046058e-17 1.09624421678275e-17 1.13079686413841e-17
468071.824112259 6.86006455605659e-18 6.7640333926507e-18 6.95609571946249e-18
593522.926087366 4.22478824226194e-18 4.17063414398388e-18 4.27894234054e-18
752597.028157849 2.60068285677882e-18 2.56933932653052e-18 2.63202638702712e-18
954305.65846188 1.60001286900376e-18 1.58120746480361e-18 1.61881827320391e-18
1210075.58587031 9.83664860879698e-19 9.71938180879198e-19 9.95391540880197e-19
1534396.14502492 6.04191640382448e-19 5.96642431308398e-19 6.11740849456498e-19
1945640.05534746 3.70680696717355e-19 3.65723996041733e-19 3.75637397392976e-19
2467104.23331454 2.27084927546364e-19 2.23805078588236e-19 2.30364776504492e-19
3128329.55988436 1.38857398158415e-19 1.36689556436158e-19 1.41025239880672e-19
3966774.36773649 8.47082394125682e-20 8.32848876962928e-20 8.61315911288436e-20
5029936.45116879 5.15209348038218e-20 5.05952156356337e-20 5.24466539720098e-20
6378043.81024912 3.1217291962138e-20 3.06212439757482e-20 3.18133399485279e-20
8087466.55954362 1.88242992405628e-20 1.84436414645742e-20 1.92049570165513e-20
10255043.285628 1.12822291813265e-20 1.1039851940067e-20 1.1524606422586e-20
13003566.9409974 6.70986762631327e-21 6.55453542079324e-21 6.86519983183331e-21
16488741.0495845 3.95162908245216e-21 3.85012642822761e-21 4.05313173667672e-21
20908000.2920645 2.29847974893526e-21 2.23007970764841e-21 2.36687979022211e-21
26511695.1560098 1.31601488388e-21 1.26841690299622e-21 1.36361286476377e-21
33617274.2599379 7.38587783603641e-22 7.04791483715026e-22 7.72384083492256e-22
42627267.7781488 4.04146269567878e-22 3.80140112333232e-22 4.28152426802524e-22
54052090.7251378 2.14151280672573e-22 1.97431849655336e-22 2.3087071168981e-22
68538957.9028144 1.0894528110072e-22 9.77262960951432e-23 1.20164266106297e-22
86908548.5386981 5.26331587091109e-23 4.54938323879512e-23 5.97724850302705e-23
110201497.662297 2.38155319111306e-23 1.95756963781667e-23 2.80553674440944e-23
139737347.950364 9.91712661066827e-24 7.60997440704953e-24 1.2224278814287e-23
177189301.655759 3.71678440784647e-24 2.59174558478729e-24 4.84182323090565e-24
