112606.251051226 2.40375396508292e-16 2.36446181381172e-16 2.44304611635411e-16
142786.615593472 1.49427920310683e-16 1.47193763569624e-16 1.51662077051743e-16
181055.824186555 9.28866491562143e-17 9.16226384892132e-17 9.41506598232154e-17
229581.822747338 5.77363378169234e-17 5.70243414430114e-17 5.84483341908354e-17
291113.603071291 3.58849793452574e-17 3.54850834510051e-17 3.62848752395098e-17
369136.932876502 2.23015472781928e-17 2.20769198834829e-17 2.25261746729027e-17
468071.824112259 1.385814441627e-17 1.3731290982163e-17 1.39849978503771e-17
593522.926087366 8.6101153641582e-18 8.53751834163208e-18 8.68271238668432e-18
752597.028157849 5.34846201357236e-18 5.30594089752261e-18 5.39098312962212e-18
954305.65846188 3.32156243639243e-18 3.29584848443611e-18 3.34727638834875e-18
1210075.58587031 2.0621533447213e-18 2.04604599663792e-18 2.07826069280468e-18
1534396.14502492 1.27975946842468e-18 1.26935399702352e-18 1.29016493982585e-18
1945640.05534746 7.93813965136851e-19 7.86948127394878e-19 8.00679802878823e-19
2467104.23331454 4.92077995570401e-19 4.87499055793894e-19 4.96656935346907e-19
3128329.55988436 3.04789660619567e-19 3.01729011875631e-19 3.07850309363502e-19
3966774.36773649 1.88592350542958e-19 1.8655356718507e-19 1.90631133900846e-19
5029936.45116879 1.16543187557922e-19 1.15194265296568e-19 1.17892109819277e-19
6378043.81024912 7.19015616259475e-20 7.10164412827173e-20 7.27866819691777e-20
8087466.55954362 4.42677757674721e-20 4.36917020123572e-20 4.48438495225869e-20
10255043.285628 2.71827419733809e-20 2.68100486383712e-20 2.75554353083907e-20
13003566.9409974 1.66359821042407e-20 1.63950826937541e-20 1.68768815147272e-20
16488741.0495845 1.01382855887896e-20 9.98128721254484e-21 1.02952839650343e-20
20908000.2920645 6.14537770616058e-21 6.04086697111878e-21 6.24988844120238e-21
26511695.1560098 3.69977747612239e-21 3.62780185403777e-21 3.77175309820701e-21
33617274.2599379 2.20827449338479e-21 2.15674144654543e-21 2.25980754022415e-21
42627267.7781488 1.30369496626914e-21 1.26563044474097e-21 1.34175948779732e-21
54052090.7251378 7.59049521069255e-22 7.30511519316202e-22 7.87587522822308e-22
68538957.9028144 4.34229774963502e-22 4.12886025601613e-22 4.55573524325392e-22
86908548.5386981 2.42926876225727e-22 2.27230538442074e-22 2.5862321400938e-22
110201497.662297 1.321113048792e-22 1.20891591869044e-22 1.43331017889356e-22
139737347.950364 6.93136082657708e-23 6.15984338260097e-23 7.70287827055318e-23
177189301.655759 3.4748323935838e-23 2.96987381679266e-23 3.97979097037494e-23
