112606.251051226 6.24708857439718e-17 5.98737421624904e-17 6.50680293254531e-17
142786.615593472 3.87430164553796e-17 3.72722045103782e-17 4.0213828400381e-17
181055.824186555 2.4024639781516e-17 2.31967387287589e-17 2.4852540834273e-17
229581.822747338 1.48954628863934e-17 1.44322431562322e-17 1.53586826165545e-17
291113.603071291 9.23351394365378e-18 8.97570653472119e-18 9.49132135258637e-18
369136.932876502 5.72233603834905e-18 5.57933193261515e-18 5.86534014408295e-18
468071.824112259 3.54523038543873e-18 3.46585207027854e-18 3.62460870059893e-18
593522.926087366 2.19555376915595e-18 2.15114579760506e-18 2.23996174070684e-18
752597.028157849 1.3590212233828e-18 1.33371501035809e-18 1.38432743640751e-18
954305.65846188 8.40683776610242e-19 8.25817254334169e-19 8.55550298886314e-19
1210075.58587031 5.19624307452355e-19 5.1054810013183e-19 5.2870051477288e-19
1534396.14502492 3.20850638072102e-19 3.15098811873203e-19 3.26602464271001e-19
1945640.05534746 1.9785826153983e-19 1.94112184055867e-19 2.01604339023793e-19
2467104.23331454 1.21812717865745e-19 1.19338236366216e-19 1.24287199365273e-19
3128329.55988436 7.4838864235728e-20 7.31998010810844e-20 7.64779273903715e-20
3966774.36773649 4.58580512764423e-20 4.477773647917e-20 4.69383660737146e-20
5029936.45116879 2.80059732315836e-20 2.73005532098494e-20 2.87113932533177e-20
6378043.81024912 1.70311075508358e-20 1.65754728548001e-20 1.74867422468715e-20
8087466.55954362 1.03014497123812e-20 1.00099424913713e-20 1.05929569333912e-20
10255043.285628 6.18857619733122e-21 6.00288186278971e-21 6.37427053187272e-21
13003566.9409974 3.68575046640348e-21 3.56676234691768e-21 3.80473858588929e-21
16488741.0495845 2.17118540742644e-21 2.09336922063715e-21 2.24900159421574e-21
20908000.2920645 1.26132441614526e-21 1.20872269417944e-21 1.31392613811109e-21
26511695.1560098 7.19940307502082e-22 6.8315839086794e-22 7.56722224136225e-22
33617274.2599379 4.01839761704015e-22 3.75619165513977e-22 4.28060357894053e-22
42627267.7781488 2.18018194653873e-22 1.99386632445869e-22 2.36649756861877e-22
54052090.7251378 1.14107694733578e-22 1.01197040982567e-22 1.27018348484589e-22
68538957.9028144 5.70602534012049e-23 4.84967850246065e-23 6.56237217778034e-23
86908548.5386981 2.69303117714655e-23 2.15840362559928e-23 3.22765872869382e-23
110201497.662297 1.18115745895951e-23 8.72413972226819e-24 1.4899009456922e-23
139737347.950364 4.72061898101272e-24 3.10422425186553e-24 6.3370137101599e-24
177189301.655759 1.67684757600355e-24 9.28393455502664e-25 2.42530169650444e-24
