112606.251051226 1.21570604245889e-16 1.18512762399608e-16 1.24628446092169e-16
142786.615593472 7.54695228673705e-17 7.37263733483316e-17 7.72126723864095e-17
181055.824186555 4.68503304318507e-17 4.58615740258109e-17 4.78390868378905e-17
229581.822747338 2.90838039098893e-17 2.85256087606604e-17 2.96419990591181e-17
291113.603071291 1.80545464037213e-17 1.77406430538626e-17 1.83684497535799e-17
369136.932876502 1.12077369433427e-17 1.10315595417577e-17 1.13839143449277e-17
468071.824112259 6.95735510419083e-18 6.85831284787594e-18 7.05639736050573e-18
593522.926087366 4.31880839813876e-18 4.26270066362574e-18 4.37491613265177e-18
752597.028157849 2.68086839225614e-18 2.64856105650823e-18 2.71317572800406e-18
954305.65846188 1.66408935114957e-18 1.6449940209761e-18 1.68318468132304e-18
1210075.58587031 1.03291500994467e-18 1.02124335427376e-18 1.04458666561559e-18
1534396.14502492 6.41114792540964e-19 6.33729651637024e-19 6.48499933444903e-19
1945640.05534746 3.97910851111124e-19 3.93103269693954e-19 4.02718432528294e-19
2467104.23331454 2.46949900370813e-19 2.43762195883965e-19 2.5013760485766e-19
3128329.55988436 1.53249054102194e-19 1.51117179378363e-19 1.55380928826024e-19
3966774.36773649 9.50918898010617e-20 9.36644162084372e-20 9.65193633936863e-20
5029936.45116879 5.89975918636803e-20 5.80451489238612e-20 5.99500348034993e-20
6378043.81024912 3.65978453058097e-20 3.59662360439534e-20 3.72294545676661e-20
8087466.55954362 2.269804888259e-20 2.22821337491503e-20 2.31139640160297e-20
10255043.285628 1.40737447387662e-20 1.38015881863465e-20 1.43459012911858e-20
13003566.9409974 8.72346380178544e-21 8.54600326919018e-21 8.9009243343807e-21
16488741.0495845 5.40490903943396e-21 5.28892481576758e-21 5.52089326310034e-21
20908000.2920645 3.34703104753874e-21 3.27027873434713e-21 3.42378336073036e-21
26511695.1560098 2.0712946803732e-21 2.01913833330964e-21 2.12345102743677e-21
33617274.2599379 1.28072923989998e-21 1.24382020130158e-21 1.31763827849838e-21
42627267.7781488 7.91056968684478e-22 7.63688771213562e-22 8.18425166155395e-22
54052090.7251378 4.87942413273495e-22 4.66806859416198e-22 5.09077967130792e-22
68538957.9028144 3.00456581865593e-22 2.83691941291087e-22 3.17221222440099e-22
86908548.5386981 1.84606434077412e-22 1.71139057642475e-22 1.9807381051235e-22
110201497.662297 1.13112294560223e-22 1.02266654175311e-22 1.23957934945135e-22
139737347.950364 6.90634815522589e-23 6.0361775188245e-23 7.77651879162728e-23
177189301.655759 4.19811426367347e-23 3.5050555087042e-23 4.89117301864273e-23
