112606.251051226 2.47830508268709e-16 2.43833350335321e-16 2.51827666202096e-16
142786.615593472 1.53326338416038e-16 1.51068106840346e-16 1.5558456999173e-16
181055.824186555 9.48553167437445e-17 9.35858287286045e-17 9.61248047588845e-17
229581.822747338 5.86793009759778e-17 5.796862871476e-17 5.93899732371957e-17
291113.603071291 3.62978346526038e-17 3.59009338361668e-17 3.66947354690408e-17
369136.932876502 2.2451309462667e-17 2.22293877524765e-17 2.26732311728576e-17
468071.824112259 1.38854024428178e-17 1.37604271903864e-17 1.40103776952493e-17
593522.926087366 8.58656116232945e-18 8.51505433033061e-18 8.65806799432828e-18
752597.028157849 5.30895514714314e-18 5.26696141874069e-18 5.35094887554559e-18
954305.65846188 3.28177502447272e-18 3.25626195874644e-18 3.30728809019899e-18
1210075.58587031 2.02812343701544e-18 2.01206721715047e-18 2.0441796568804e-18
1534396.14502492 1.25295418531567e-18 1.24255275382327e-18 1.26335561680807e-18
1945640.05534746 7.73735327777436e-19 7.66871378103157e-19 7.80599277451715e-19
2467104.23331454 4.77547845334764e-19 4.7298077077152e-19 4.82114919898007e-19
3128329.55988436 2.94541296430659e-19 2.91500968180242e-19 2.97581624681075e-19
3966774.36773649 1.8151028199406e-19 1.79495394432958e-19 1.83525169555161e-19
5029936.45116879 1.11733059921618e-19 1.10407439789998e-19 1.13058680053238e-19
6378043.81024912 6.86847596166642e-20 6.78198504786269e-20 6.95496687547014e-20
8087466.55954362 4.21479073950697e-20 4.15879105206919e-20 4.27079042694475e-20
10255043.285628 2.5806201524368e-20 2.54453674667672e-20 2.61670355819687e-20
13003566.9409974 1.57559741680558e-20 1.55231599641832e-20 1.59887883719283e-20
16488741.0495845 9.58541050522747e-21 9.43340454249607e-21 9.73741646795887e-21
20908000.2920645 5.80501699394575e-21 5.70316310769374e-21 5.90687088019776e-21
26511695.1560098 3.49538393229657e-21 3.42446827135536e-21 3.56629959323777e-21
33617274.2599379 2.08936575752395e-21 2.03793035316353e-21 2.14080116188436e-21
42627267.7781488 1.23740583878024e-21 1.19893585731274e-21 1.27587582024774e-21
54052090.7251378 7.24285871299226e-22 6.9511426755136e-22 7.53457475047092e-22
68538957.9028144 4.17677604007681e-22 3.95613114020842e-22 4.3974209399452e-22
86908548.5386981 2.36359198856442e-22 2.19923587610827e-22 2.52794810102056e-22
110201497.662297 1.30588903659559e-22 1.1865008558138e-22 1.42527721737738e-22
139737347.950364 6.99931871706236e-23 6.16086124464102e-23 7.83777618948369e-23
177189301.655759 3.60983527695335e-23 3.04556618330567e-23 4.17410437060103e-23
