112606.251051226 2.42546503884509e-16 2.38405559541702e-16 2.46687448227315e-16
142786.615593472 1.50661682608607e-16 1.48324351894142e-16 1.52999013323071e-16
181055.824186555 9.35713501654033e-17 9.22594275322947e-17 9.48832727985118e-17
229581.822747338 5.81028076874854e-17 5.73698950159991e-17 5.88357203589717e-17
291113.603071291 3.60696950801795e-17 3.56612856631806e-17 3.64781044971784e-17
369136.932876502 2.23846223605666e-17 2.21566419402456e-17 2.26126027808875e-17
468071.824112259 1.38861554420524e-17 1.3757741987913e-17 1.40145688961918e-17
593522.926087366 8.60978498397613e-18 8.53604412787192e-18 8.68352584008034e-18
752597.028157849 5.33483671063044e-18 5.29118583598007e-18 5.37848758528081e-18
954305.65846188 3.30288203474412e-18 3.27606575035078e-18 3.32969831913745e-18
1210075.58587031 2.04273696342678e-18 2.02567310098279e-18 2.05980082587076e-18
1534396.14502492 1.2617054969511e-18 1.25056795333035e-18 1.27284304057185e-18
1945640.05534746 7.7799339096284e-19 7.70628851739833e-19 7.85357930185847e-19
2467104.23331454 4.78708530533622e-19 4.73827424040509e-19 4.83589637026735e-19
3128329.55988436 2.9376258785955e-19 2.90543828428118e-19 2.96981347290983e-19
3966774.36773649 1.79654582920875e-19 1.77552140083837e-19 1.81757025757912e-19
5029936.45116879 1.09395386664354e-19 1.08037879267363e-19 1.10752894061344e-19
6378043.81024912 6.62482543189742e-20 6.53815037269969e-20 6.71150049109516e-20
8087466.55954362 3.98405476748816e-20 3.92913843074287e-20 4.03897110423345e-20
10255043.285628 2.37487609110931e-20 2.34006920169177e-20 2.40968298052686e-20
13003566.9409974 1.39988869244272e-20 1.37752598652919e-20 1.42225139835624e-20
16488741.0495845 8.13541209748615e-21 7.98761765876024e-21 8.28320653621207e-21
20908000.2920645 4.64350999014626e-21 4.54238092552418e-21 4.74463905476833e-21
26511695.1560098 2.59058773029097e-21 2.51962623227954e-21 2.66154922830239e-21
33617274.2599379 1.40403506920741e-21 1.35407177390642e-21 1.45399836450839e-21
42627267.7781488 7.33526416929188e-22 6.99066421060548e-22 7.67986412797828e-22
54052090.7251378 3.65796067287897e-22 3.43001355965408e-22 3.88590778610386e-22
68538957.9028144 1.7196099182227e-22 1.57766842086328e-22 1.86155141558212e-22
86908548.5386981 7.50098994682492e-23 6.68427880039292e-23 8.31770109325692e-23
110201497.662297 2.97573193154795e-23 2.55051664921758e-23 3.40094721387831e-23
139737347.950364 1.04666986122352e-23 8.51374838158315e-24 1.24196488428873e-23
177189301.655759 3.16053026029389e-24 2.39406921571942e-24 3.92699130486836e-24
