112606.251051226 6.33450431367167e-17 6.08456864474501e-17 6.58443998259834e-17
142786.615593472 3.9078274810964e-17 3.76603653737885e-17 4.04961842481395e-17
181055.824186555 2.41078285380533e-17 2.33074981692859e-17 2.49081589068207e-17
229581.822747338 1.48723898386105e-17 1.44228939685562e-17 1.53218857086648e-17
291113.603071291 9.17494291927802e-18 8.92360154605919e-18 9.42628429249685e-18
369136.932876502 5.66012353111898e-18 5.52000021040196e-18 5.80024685183601e-18
468071.824112259 3.49179193483331e-18 3.41367800158789e-18 3.56990586807874e-18
593522.926087366 2.15412395438277e-18 2.1103574362988e-18 2.19789047246675e-18
752597.028157849 1.32890176083076e-18 1.30406125264978e-18 1.35374226901175e-18
954305.65846188 8.19813146513237e-19 8.05388860375047e-19 8.34237432651428e-19
1210075.58587031 5.05750877652053e-19 4.97103400468176e-19 5.14398354835929e-19
1534396.14502492 3.12002528859468e-19 3.06629802097078e-19 3.17375255621857e-19
1945640.05534746 1.92477161583243e-19 1.89031140410726e-19 1.95923182755761e-19
2467104.23331454 1.18740758393161e-19 1.16480439816386e-19 1.21001076969937e-19
3128329.55988436 7.32520569317564e-20 7.17516950202354e-20 7.47524188432775e-20
3966774.36773649 4.5189658614263e-20 4.41903303954397e-20 4.61889868330863e-20
5029936.45116879 2.78777244251039e-20 2.72136306993739e-20 2.85418181508338e-20
6378043.81024912 1.71978573960229e-20 1.6758998612306e-20 1.76367161797399e-20
8087466.55954362 1.06093749208733e-20 1.03213968360444e-20 1.08973530057022e-20
10255043.285628 6.54490370097394e-21 6.35723311055537e-21 6.7325742913925e-21
13003566.9409974 4.03751549192692e-21 3.91580818763558e-21 4.15922279621827e-21
16488741.0495845 2.49070299693819e-21 2.41178023946335e-21 2.56962575441303e-21
20908000.2920645 1.53647545989929e-21 1.48484527546115e-21 1.58810564433742e-21
26511695.1560098 9.47816291342409e-22 9.1327619280993e-22 9.82356389874887e-22
33617274.2599379 5.84677239186931e-22 5.60673240872896e-22 6.08681237500966e-22
42627267.7781488 3.6066162505871e-22 3.43151857452471e-22 3.78171392664949e-22
54052090.7251378 2.22470891591e-22 2.09091433712449e-22 2.35850349469551e-22
68538957.9028144 1.37224974000981e-22 1.26649858688463e-22 1.47800089313499e-22
86908548.5386981 8.46401172996073e-23 7.61221628363422e-23 9.31580717628724e-23
110201497.662297 5.22033019893944e-23 4.5290672355099e-23 5.91159316236899e-23
139737347.950364 3.21953076183793e-23 2.65814781234466e-23 3.7809137113312e-23
177189301.655759 1.98542188517784e-23 1.53074054787727e-23 2.44010322247841e-23
