112606.251051226 1.85147904051365e-16 1.81650257794532e-16 1.88645550308198e-16
142786.615593472 1.14724101589588e-16 1.12740675948517e-16 1.1670752723066e-16
181055.824186555 7.10866233787248e-17 6.99675780359332e-17 7.22056687215164e-17
229581.822747338 4.40471437772488e-17 4.34186738878241e-17 4.46756136666735e-17
291113.603071291 2.72925029127759e-17 2.69406967439297e-17 2.76443090816222e-17
369136.932876502 1.69107779067857e-17 1.67139431570686e-17 1.71076126565027e-17
468071.824112259 1.04779656000274e-17 1.03673461548367e-17 1.05885850452182e-17
593522.926087366 6.4920473663895e-18 6.42911612629512e-18 6.55497860648387e-18
752597.028157849 4.02230868294583e-18 3.98569924089188e-18 4.05891812499979e-18
954305.65846188 2.49204093287115e-18 2.47005205619086e-18 2.51402980955143e-18
1210075.58587031 1.54389324959584e-18 1.53019450028399e-18 1.5575919989077e-18
1534396.14502492 9.56438277975915e-19 9.47616435523129e-19 9.65260120428701e-19
1945640.05534746 5.92472510986029e-19 5.86654780746319e-19 5.98290241225739e-19
2467104.23331454 3.66980864173458e-19 3.63094227320953e-19 3.70867501025963e-19
3128329.55988436 2.27286128194764e-19 2.24678890015736e-19 2.29893366373792e-19
3966774.36773649 1.40748731886911e-19 1.39002956115001e-19 1.4249450765882e-19
5029936.45116879 8.71450187049702e-20 8.59822598736493e-20 8.83077775362911e-20
6378043.81024912 5.39445365318394e-20 5.31754464331325e-20 5.47136266305463e-20
8087466.55954362 3.33836803647883e-20 3.28785678303855e-20 3.3888792899191e-20
10255043.285628 2.06524292454745e-20 2.03225611931254e-20 2.09822972978237e-20
13003566.9409974 1.27707999166486e-20 1.25558240884667e-20 1.29857757448306e-20
16488741.0495845 7.89267411433296e-21 7.75191464183197e-21 8.03343358683395e-21
20908000.2920645 4.87444071666014e-21 4.78083428794954e-21 4.96804714537075e-21
26511695.1560098 3.00772482123636e-21 2.94362083444347e-21 3.07182880802925e-21
33617274.2599379 1.85378893484858e-21 1.80804007617323e-21 1.89953779352392e-21
42627267.7781488 1.14093189531193e-21 1.10680806278922e-21 1.17505572783463e-21
54052090.7251378 7.00921689921037e-22 6.74534881872721e-22 7.27308497969353e-22
68538957.9028144 4.29613557928109e-22 4.08749995035334e-22 4.50477120820883e-22
86908548.5386981 2.62552884433245e-22 2.45899640341753e-22 2.79206128524738e-22
110201497.662297 1.59862151654501e-22 1.46564448310833e-22 1.7315985499817e-22
139737347.950364 9.68797621978641e-23 8.63173244480895e-23 1.07442199947639e-22
177189301.655759 5.83622304623833e-23 5.00456695814287e-23 6.6678791343338e-23
