112606.251051226 6.42412342081673e-17 6.15125564332742e-17 6.69699119830603e-17
142786.615593472 3.96611018278494e-17 3.81256261731972e-17 4.11965774825015e-17
181055.824186555 2.44827850229399e-17 2.36242882979645e-17 2.53412817479153e-17
229581.822747338 1.51107947233755e-17 1.46338793051045e-17 1.55877101416464e-17
291113.603071291 9.32450084558472e-18 9.06107989992449e-18 9.58792179124495e-18
369136.932876502 5.7524392469657e-18 5.60748364233234e-18 5.89739485159906e-18
468071.824112259 3.54761657336217e-18 3.46780549048484e-18 3.62742765623949e-18
593522.926087366 2.18696326240742e-18 2.14265229260708e-18 2.23127423220775e-18
752597.028157849 1.3474674496942e-18 1.32236948973702e-18 1.37256540965137e-18
954305.65846188 8.29671073078336e-19 8.14977519336632e-19 8.4436462682004e-19
1210075.58587031 5.10419188489879e-19 5.01454145707017e-19 5.19384231272741e-19
1534396.14502492 3.13677346166452e-19 3.07990372330153e-19 3.19364320002751e-19
1945640.05534746 1.9250846857784e-19 1.88801508006385e-19 1.96215429149295e-19
2467104.23331454 1.17942154017544e-19 1.15494609759401e-19 1.20389698275688e-19
3128329.55988436 7.21008640050738e-20 7.04829998406634e-20 7.37187281694842e-20
3966774.36773649 4.39551790844715e-20 4.28926382893254e-20 4.50177198796177e-20
5029936.45116879 2.67027321354959e-20 2.60122412322263e-20 2.73932230387655e-20
6378043.81024912 1.61498675125274e-20 1.57064188901484e-20 1.65933161349063e-20
8087466.55954362 9.71252025230145e-21 9.43057093540843e-21 9.99446956919447e-21
10255043.285628 5.79946458297682e-21 5.62094921135767e-21 5.97797995459597e-21
13003566.9409974 3.43165897268082e-21 3.31783954076429e-21 3.54547840459735e-21
16488741.0495845 2.0073573222121e-21 1.93314064221616e-21 2.08157400220805e-21
20908000.2920645 1.15720598838037e-21 1.10709140906098e-21 1.20732056769975e-21
26511695.1560098 6.54883889908524e-22 6.19876691078929e-22 6.8989108873812e-22
33617274.2599379 3.62020184405607e-22 3.37143498161917e-22 3.86896870649298e-22
42627267.7781488 1.94261310670946e-22 1.76698473705459e-22 2.11824147636434e-22
54052090.7251378 1.00383763044569e-22 8.83340049191761e-23 1.12433521169963e-22
68538957.9028144 4.94510041395016e-23 4.15646157038586e-23 5.73373925751445e-23
86908548.5386981 2.29274490374864e-23 1.80864596788216e-23 2.77684383961511e-23
110201497.662297 9.84346911071813e-24 7.10568569885469e-24 1.25812525225816e-23
139737347.950364 3.83357409229094e-24 2.43656520155055e-24 5.23058298303132e-24
177189301.655759 1.31939796086665e-24 6.92608377373154e-25 1.94618754436014e-24
