112606.251051226 6.13071445788642e-17 5.87396167188968e-17 6.38746724388316e-17
142786.615593472 3.79754287935722e-17 3.65239198747653e-17 3.94269377123792e-17
181055.824186555 2.35202255327084e-17 2.27046979569456e-17 2.43357531084712e-17
229581.822747338 1.45650950711687e-17 1.41096963821244e-17 1.5020493760213e-17
291113.603071291 9.01779311274339e-18 8.76487036521109e-18 9.27071586027568e-18
369136.932876502 5.5818679572689e-18 5.44188334478575e-18 5.72185256975205e-18
468071.824112259 3.45400009376963e-18 3.37647179689037e-18 3.53152839064888e-18
593522.926087366 2.13644659220391e-18 2.09316345186649e-18 2.17972973254134e-18
752597.028157849 1.32081579656478e-18 1.29618928542389e-18 1.34544230770566e-18
954305.65846188 8.16045099887493e-19 8.01588134450869e-19 8.30502065324117e-19
1210075.58587031 5.03771008561853e-19 4.94942672857083e-19 5.12599344266624e-19
1534396.14502492 3.10673850497371e-19 3.05074292632886e-19 3.16273408361856e-19
1945640.05534746 1.91341342725552e-19 1.87690984196225e-19 1.94991701254878e-19
2467104.23331454 1.17650410337064e-19 1.15237533595907e-19 1.20063287078221e-19
3128329.55988436 7.21881234045519e-20 7.05893859284024e-20 7.37868608807014e-20
3966774.36773649 4.41754738746279e-20 4.31217521459722e-20 4.52291956032836e-20
5029936.45116879 2.69419972799083e-20 2.62540906876862e-20 2.76299038721305e-20
6378043.81024912 1.63613190289194e-20 1.59171321365512e-20 1.68055059212876e-20
8087466.55954362 9.88207779780036e-21 9.59798066596224e-21 1.01661749296385e-20
10255043.285628 5.92771777857044e-21 5.74679066039648e-21 6.10864489674439e-21
13003566.9409974 3.52480019162583e-21 3.40890069857292e-21 3.64069968467873e-21
16488741.0495845 2.07287365865062e-21 1.99712228835372e-21 2.14862502894753e-21
20908000.2920645 1.20202556929625e-21 1.15088485763293e-21 1.25316628095956e-21
26511695.1560098 6.84735592092374e-22 6.49052267002899e-22 7.20418917181849e-22
33617274.2599379 3.81353910424409e-22 3.5598962131331e-22 4.06718199535507e-22
42627267.7781488 2.06396344517004e-22 1.88433047521662e-22 2.24359641512345e-22
54052090.7251378 1.07723992940932e-22 9.53212472560979e-23 1.20126738625766e-22
68538957.9028144 5.36951036228338e-23 4.55005219398814e-23 6.18896853057861e-23
86908548.5386981 2.52471031616493e-23 2.0153044465429e-23 3.03411618578696e-23
110201497.662297 1.10242757347028e-23 8.09674298800195e-24 1.39518084814036e-23
139737347.950364 4.38264812510864e-24 2.85856877593197e-24 5.90672747428531e-24
177189301.655759 1.54685266531909e-24 8.45824353248042e-25 2.24788097739014e-24
