112606.251051226 2.34417922123182e-16 2.30619361052551e-16 2.38216483193812e-16
142786.615593472 1.46085185977878e-16 1.43917031502906e-16 1.48253340452851e-16
181055.824186555 9.10360869133535e-17 8.98045490830097e-17 9.22676247436973e-17
229581.822747338 5.6729752673533e-17 5.60332361433945e-17 5.74262692036716e-17
291113.603071291 3.53504866724869e-17 3.49577110759994e-17 3.57432622689745e-17
369136.932876502 2.20274219819046e-17 2.18059612776156e-17 2.22488826861936e-17
468071.824112259 1.37249687192977e-17 1.35995074629144e-17 1.3850429975681e-17
593522.926087366 8.55131600032936e-18 8.47936494412555e-18 8.62326705653317e-18
752597.028157849 5.32747539774494e-18 5.2853035022343e-18 5.36964729325557e-18
954305.65846188 3.31869992620045e-18 3.29321110909977e-18 3.34418874330113e-18
1210075.58587031 2.06709914216357e-18 2.05114739935645e-18 2.08305088497069e-18
1534396.14502492 1.28732189060965e-18 1.27701811657098e-18 1.29762566464831e-18
1945640.05534746 8.01544142228592e-19 7.94735255480831e-19 8.08353028976353e-19
2467104.23331454 4.98952550000766e-19 4.94396445498899e-19 5.03508654502634e-19
3128329.55988436 3.10494193913129e-19 3.07433411470637e-19 3.13554976355622e-19
3966774.36773649 1.93140470845895e-19 1.9108824333906e-19 1.9519269835273e-19
5029936.45116879 1.20080338100501e-19 1.1871190935387e-19 1.21448766847131e-19
6378043.81024912 7.46087992641907e-20 7.37029684991202e-20 7.55146300292611e-20
8087466.55954362 4.63182946880414e-20 4.57232233254843e-20 4.69133660505985e-20
10255043.285628 2.87252698879563e-20 2.83367929925003e-20 2.91137467834123e-20
13003566.9409974 1.77911432336162e-20 1.75382025499545e-20 1.80440839172779e-20
16488741.0495845 1.10006543679488e-20 1.08352223324417e-20 1.11660864034559e-20
20908000.2920645 6.7875614792628e-21 6.67762197282073e-21 6.89750098570488e-21
26511695.1560098 4.17679547236086e-21 4.10147998152524e-21 4.25211096319648e-21
33617274.2599379 2.56149999194237e-21 2.50770001399502e-21 2.61529996988972e-21
42627267.7781488 1.56412342302875e-21 1.5240151840334e-21 1.60423166202411e-21
54052090.7251378 9.49884492632405e-22 9.19013968560242e-22 9.80755016704569e-22
68538957.9028144 5.72870749746444e-22 5.48725308982166e-22 5.97016190510723e-22
86908548.5386981 3.42468623407377e-22 3.23546974107743e-22 3.61390272707012e-22
110201497.662297 2.02459861261806e-22 1.87755485258138e-22 2.17164237265475e-22
139737347.950364 1.18008225849517e-22 1.06758221806185e-22 1.2925822989285e-22
177189301.655759 6.75606652414747e-23 5.91350957423621e-23 7.59862347405873e-23
