112606.251051226 2.37543920086294e-16 2.33521922355737e-16 2.41565917816851e-16
142786.615593472 1.47915367677517e-16 1.45646560042445e-16 1.50184175312589e-16
181055.824186555 9.20888967413483e-17 9.08169727862034e-17 9.33608206964932e-17
229581.822747338 5.73199267840061e-17 5.66106817169645e-17 5.80291718510478e-17
291113.603071291 3.56683271882652e-17 3.52740788331477e-17 3.60625755433827e-17
369136.932876502 2.21873850045765e-17 2.19679142394563e-17 2.24068557696966e-17
468071.824112259 1.37954082107859e-17 1.3672066657165e-17 1.39187497644069e-17
593522.926087366 8.57266402781649e-18 8.50186669256014e-18 8.64346136307284e-18
752597.028157849 5.32333272405734e-18 5.28130923159578e-18 5.3653562165189e-18
954305.65846188 3.3025847659833e-18 3.27660852687169e-18 3.32856100509492e-18
1210075.58587031 2.04654060547027e-18 2.02987564825298e-18 2.06320556268756e-18
1534396.14502492 1.26633239640581e-18 1.25536669883556e-18 1.27729809397606e-18
1945640.05534746 7.82104445327481e-19 7.74805289703763e-19 7.89403600951198e-19
2467104.23331454 4.81897084099083e-19 4.77036436929098e-19 4.86757731269069e-19
3128329.55988436 2.9603357136396e-19 2.92818759588649e-19 2.9924838313927e-19
3966774.36773649 1.8116552607895e-19 1.79062082824179e-19 1.83268969333721e-19
5029936.45116879 1.10335508385894e-19 1.08975777725233e-19 1.11695239046555e-19
6378043.81024912 6.67880450445615e-20 6.59183424842179e-20 6.7657747604905e-20
8087466.55954362 4.01156576875747e-20 3.95623227190723e-20 4.06689926560771e-20
10255043.285628 2.38593226492023e-20 2.35054680348708e-20 2.42131772635337e-20
13003566.9409974 1.40147906298895e-20 1.37839713573191e-20 1.424560990246e-20
16488741.0495845 8.10303907106923e-21 7.94752885477642e-21 8.25854928736203e-21
20908000.2920645 4.59199647425626e-21 4.48379633617672e-21 4.7001966123358e-21
26511695.1560098 2.53696012797137e-21 2.46044614186857e-21 2.61347411407417e-21
33617274.2599379 1.35714080453746e-21 1.30344295959303e-21 1.41083864948189e-21
42627267.7781488 6.96919937532043e-22 6.60370158161367e-22 7.33469716902719e-22
54052090.7251378 3.39804718344362e-22 3.16150191930707e-22 3.63459244758017e-22
68538957.9028144 1.5514257877535e-22 1.40850992664691e-22 1.69434164886009e-22
86908548.5386981 6.51684176510182e-23 5.72624239007817e-23 7.30744114012547e-23
110201497.662297 2.46290087112657e-23 2.07145996826316e-23 2.85434177398997e-23
139737347.950364 8.14065342865139e-24 6.45404137340402e-24 9.82726548389875e-24
177189301.655759 2.27026362713277e-24 1.65984595376532e-24 2.88068130050023e-24
