112606.251051226 1.86265880595957e-16 1.82694635133528e-16 1.89837126058386e-16
142786.615593472 1.15131089336016e-16 1.13109747347875e-16 1.17152431324157e-16
181055.824186555 7.11619686907641e-17 7.00234222429281e-17 7.23005151386001e-17
229581.822747338 4.39843591838638e-17 4.3345798732284e-17 4.46229196354436e-17
291113.603071291 2.71858058531517e-17 2.68286861224619e-17 2.75429255838416e-17
369136.932876502 1.68026612702595e-17 1.66029403858448e-17 1.70023821546742e-17
468071.824112259 1.03849327209365e-17 1.02726812593069e-17 1.04971841825661e-17
593522.926087366 6.41824527116775e-18 6.35435756075391e-18 6.4821329815816e-18
752597.028157849 3.96654564942365e-18 3.92936922110973e-18 4.00372207773757e-18
954305.65846188 2.45125060329762e-18 2.42893572085319e-18 2.47356548574204e-18
1210075.58587031 1.51473437347748e-18 1.50086371966021e-18 1.52860502729476e-18
1534396.14502492 9.35947867333191e-19 9.27050322195044e-19 9.44845412471337e-19
1945640.05534746 5.78261456353289e-19 5.72423944486709e-19 5.8409896821987e-19
2467104.23331454 3.57225806530827e-19 3.53348480510551e-19 3.61103132551103e-19
3128329.55988436 2.20644407230943e-19 2.1805905420716e-19 2.23229760254726e-19
3966774.36773649 1.36256172785202e-19 1.34535546847789e-19 1.37976798722615e-19
5029936.45116879 8.4121951562907e-20 8.29828886267976e-20 8.52610144990164e-20
6378043.81024912 5.1918587962154e-20 5.11697230501207e-20 5.26674528741874e-20
8087466.55954362 3.20301789055536e-20 3.15412781352372e-20 3.251907967587e-20
10255043.285628 1.97501939880213e-20 1.9432714148466e-20 2.00676738275766e-20
13003566.9409974 1.21702278390189e-20 1.19643196810012e-20 1.23761359970365e-20
16488741.0495845 7.49316162900668e-21 7.35874786837327e-21 7.62757538964009e-21
20908000.2920645 4.60865077189525e-21 4.51926651344647e-21 4.69803503034403e-21
26511695.1560098 2.83075405393033e-21 2.76931541184284e-21 2.89219269601783e-21
33617274.2599379 1.73577955119758e-21 1.69165598087418e-21 1.77990312152098e-21
42627267.7781488 1.06207174132401e-21 1.02896366192013e-21 1.09517982072789e-21
54052090.7251378 6.48081907602142e-22 6.22408828266592e-22 6.73754986937691e-22
68538957.9028144 3.94099215628117e-22 3.73830365238669e-22 4.14368066017564e-22
86908548.5386981 2.38604564860262e-22 2.22516876664192e-22 2.54692253056333e-22
110201497.662297 1.43661213198802e-22 1.30933968527076e-22 1.56388457870527e-22
139737347.950364 8.58897527495832e-23 7.5908291406471e-23 9.58712140926954e-23
177189301.655759 5.0893739728084e-23 4.31617156715535e-23 5.86257637846146e-23
