112606.251051226 2.36377802134239e-16 2.32366376505503e-16 2.40389227762976e-16
142786.615593472 1.47079111761305e-16 1.44815585473467e-16 1.49342638049142e-16
181055.824186555 9.1501432317518e-17 9.02316905441908e-17 9.27711740908453e-17
229581.822747338 5.6914025464223e-17 5.62052792119871e-17 5.76227717164588e-17
291113.603071291 3.53917731979739e-17 3.49972115254171e-17 3.57863348705307e-17
369136.932876502 2.20012773696329e-17 2.17811907385516e-17 2.22213640007141e-17
468071.824112259 1.36715951226637e-17 1.35476138551836e-17 1.37955763901438e-17
593522.926087366 8.49120817928685e-18 8.41988129697201e-18 8.56253506160169e-18
752597.028157849 5.27035133079119e-18 5.22795148351257e-18 5.3127511780698e-18
954305.65846188 3.26854387830236e-18 3.2423324793645e-18 3.29475527724021e-18
1210075.58587031 2.02496962363919e-18 2.00817329407612e-18 2.04176595320227e-18
1534396.14502492 1.25288551855167e-18 1.24185274576845e-18 1.26391829133489e-18
1945640.05534746 7.73891055393698e-19 7.66559522862448e-19 7.81222587924947e-19
2467104.23331454 4.77012394703806e-19 4.72136065597755e-19 4.81888723809857e-19
3128329.55988436 2.93234253035006e-19 2.9001110128651e-19 2.96457404783502e-19
3966774.36773649 1.79648149174874e-19 1.77539550083006e-19 1.81756748266742e-19
5029936.45116879 1.09586725459242e-19 1.08223543850361e-19 1.10949907068122e-19
6378043.81024912 6.64841857040938e-20 6.5612417751168e-20 6.73559536570196e-20
8087466.55954362 4.00559902637169e-20 3.95019838817056e-20 4.06099966457282e-20
10255043.285628 2.39220410863407e-20 2.35688112575342e-20 2.42752709151473e-20
13003566.9409974 1.41282134222869e-20 1.38989186588401e-20 1.43575081857336e-20
16488741.0495845 8.22691193858572e-21 8.07316647128777e-21 8.38065740588367e-21
20908000.2920645 4.70545442908026e-21 4.59859694321152e-21 4.81231191494899e-21
26511695.1560098 2.63084303951452e-21 2.5548683699155e-21 2.70681770911354e-21
33617274.2599379 1.42912842879391e-21 1.37513843520878e-21 1.48311842237904e-21
42627267.7781488 7.48472338191362e-22 7.11010970964419e-22 7.85933705418305e-22
54052090.7251378 3.74243710925203e-22 3.49363359917882e-22 3.99124061932525e-22
68538957.9028144 1.76446680279026e-22 1.6090534415512e-22 1.91988016402933e-22
86908548.5386981 7.7217007958405e-23 6.82488751758615e-23 8.61851407409485e-23
110201497.662297 3.07453933469778e-23 2.60618083185663e-23 3.54289783753893e-23
139737347.950364 1.08596886687964e-23 8.70094620355096e-24 1.30184311340419e-23
177189301.655759 3.29518713619926e-24 2.44436050946512e-24 4.1460137629334e-24
