112606.251051226 1.2117799099072e-16 1.18228575012314e-16 1.24127406969126e-16
142786.615593472 7.51794807278473e-17 7.35015984101999e-17 7.68573630454947e-17
181055.824186555 4.66415916501144e-17 4.56918653340235e-17 4.75913179662053e-17
229581.822747338 2.89364639650741e-17 2.8401416879559e-17 2.94715110505891e-17
291113.603071291 1.79520930815347e-17 1.76517711541416e-17 1.82524150089278e-17
369136.932876502 1.1137343082822e-17 1.09690190179193e-17 1.13056671477248e-17
468071.824112259 6.90946055709036e-18 6.81486930557132e-18 7.00405180860939e-18
593522.926087366 4.28648847750443e-18 4.23283515155644e-18 4.34014180345241e-18
752597.028157849 2.65921105343172e-18 2.62820977103736e-18 2.69021233582608e-18
954305.65846188 1.6496654327233e-18 1.63123756383184e-18 1.66809330161477e-18
1210075.58587031 1.0233606083097e-18 1.01201903262434e-18 1.03470218399507e-18
1534396.14502492 6.34816967807688e-19 6.27594782684689e-19 6.42039152930687e-19
1945640.05534746 3.93778394338617e-19 3.89055872676759e-19 3.98500916000475e-19
2467104.23331454 2.44249876679114e-19 2.41111976452928e-19 2.473877769053e-19
3128329.55988436 1.51492222139557e-19 1.49393573476704e-19 1.5359087080241e-19
3966774.36773649 9.39534503250674e-20 9.25503191443577e-20 9.53565815057771e-20
5029936.45116879 5.82629599768148e-20 5.73291296960916e-20 5.9196790257538e-20
6378043.81024912 3.61258733473445e-20 3.55085828352013e-20 3.67431638594877e-20
8087466.55954362 2.23962698548318e-20 2.19912055735124e-20 2.28013341361512e-20
10255043.285628 1.38818134109238e-20 1.36176438652478e-20 1.41459829565999e-20
13003566.9409974 8.60214219089044e-21 8.43030520306892e-21 8.77397917871197e-21
16488741.0495845 5.32877554024716e-21 5.21648256429608e-21 5.44106851619823e-21
20908000.2920645 3.29967538338788e-21 3.22506507152062e-21 3.37428569525514e-21
26511695.1560098 2.04216364920345e-21 1.99096166295048e-21 2.09336563545642e-21
33617274.2599379 1.26306366161564e-21 1.22627901140802e-21 1.29984831182326e-21
42627267.7781488 7.80546948309039e-22 7.52807632110253e-22 8.08286264507825e-22
54052090.7251378 4.81853679798007e-22 4.60116553720709e-22 5.03590805875304e-22
68538957.9028144 2.97064691151577e-22 2.79638356353257e-22 3.14491025949898e-22
86908548.5386981 1.82831518637319e-22 1.68730963959773e-22 1.96932073314865e-22
110201497.662297 1.12284048140114e-22 1.00869786635887e-22 1.23698309644341e-22
139737347.950364 6.87704634157675e-23 5.95729013381734e-23 7.79680254933617e-23
177189301.655759 4.19745106636521e-23 3.46165606278881e-23 4.9332460699416e-23
