112606.251051226 1.18095579740389e-16 1.15047528358832e-16 1.21143631121946e-16
142786.615593472 7.36814268349056e-17 7.19434644147161e-17 7.5419389255095e-17
181055.824186555 4.59667692523749e-17 4.49813246869852e-17 4.69522138177647e-17
229581.822747338 2.86735326382227e-17 2.81177174686494e-17 2.9229347807796e-17
291113.603071291 1.78836693237592e-17 1.75714917002154e-17 1.81958469473031e-17
369136.932876502 1.11520242600032e-17 1.09769980639194e-17 1.1327050456087e-17
468071.824112259 6.95266694096533e-18 6.85425738030916e-18 7.05107650162151e-18
593522.926087366 4.33334395771508e-18 4.27743382046113e-18 4.38925409496902e-18
752597.028157849 2.69982211496764e-18 2.66739200968756e-18 2.73225222024772e-18
954305.65846188 1.68129752774496e-18 1.66189006779868e-18 1.70070498769124e-18
1210075.58587031 1.04639858469016e-18 1.03434785289024e-18 1.05844931649008e-18
1534396.14502492 6.50764744343817e-19 6.43023040881028e-19 6.58506447806605e-19
1945640.05534746 4.04331802309826e-19 3.99236773769841e-19 4.09426830849811e-19
2467104.23331454 2.50915858580281e-19 2.47521178848575e-19 2.54310538311986e-19
3128329.55988436 1.55472753482876e-19 1.53205514211216e-19 1.57739992754536e-19
3966774.36773649 9.61476045595158e-20 9.46398979583737e-20 9.76553111606579e-20
5029936.45116879 5.93136944754527e-20 5.83192974716499e-20 6.03080914792556e-20
6378043.81024912 3.64768777703044e-20 3.58274452638872e-20 3.71263102767215e-20
8087466.55954362 2.23441411981397e-20 2.1923860601319e-20 2.27644217949604e-20
10255043.285628 1.36186138639119e-20 1.33481161206052e-20 1.38891116072185e-20
13003566.9409974 8.24787298788432e-21 8.0733671533588e-21 8.42237882240984e-21
16488741.0495845 4.95508452187259e-21 4.84081769517786e-21 5.06935134856733e-21
20908000.2920645 2.94660666419672e-21 2.86957977452933e-21 3.0236335538641e-21
26511695.1560098 1.72968016338817e-21 1.67582302209326e-21 1.78353730468308e-21
33617274.2599379 9.98788945337194e-22 9.59979975616082e-22 1.03759791505831e-21
42627267.7781488 5.64850401090625e-22 5.36543385224851e-22 5.93157416956399e-22
54052090.7251378 3.11114231001382e-22 2.9064761003194e-22 3.31580851970825e-22
68538957.9028144 1.65713542891783e-22 1.51312005658205e-22 1.80115080125361e-22
86908548.5386981 8.45957658356405e-23 7.48850736719628e-23 9.43064579993181e-23
110201497.662297 4.09211197415647e-23 3.47371953764015e-23 4.71050441067278e-23
139737347.950364 1.84878015653278e-23 1.48262228314689e-23 2.21493802991866e-23
177189301.655759 7.65970836738086e-24 5.68075306131946e-24 9.63866367344226e-24
