112606.251051226 2.4024844192127e-16 2.36217680393911e-16 2.44279203448628e-16
142786.615593472 1.49245619684592e-16 1.46969134874697e-16 1.51522104494486e-16
181055.824186555 9.27002884898086e-17 9.14217492654867e-17 9.39788277141304e-17
229581.822747338 5.75681889877025e-17 5.68535243255284e-17 5.82828536498767e-17
291113.603071291 3.57425168457161e-17 3.53441033044932e-17 3.6140930386939e-17
369136.932876502 2.21851445776439e-17 2.19627080934502e-17 2.24075810618376e-17
468071.824112259 1.37651309810949e-17 1.36398767797529e-17 1.38903851824369e-17
593522.926087366 8.53683245304086e-18 8.46496840704141e-18 8.60869649904031e-18
752597.028157849 5.29123974595467e-18 5.24875662924929e-18 5.33372286266004e-18
954305.65846188 3.27713139711027e-18 3.2510672012378e-18 3.30319559298274e-18
1210075.58587031 2.02777186901599e-18 2.0111982254455e-18 2.04434551258648e-18
1534396.14502492 1.25320741207813e-18 1.24238626350327e-18 1.26402856065299e-18
1945640.05534746 7.73331498497429e-19 7.66165860591182e-19 7.80497136403675e-19
2467104.23331454 4.76288546912427e-19 4.71527552069979e-19 4.81049541754875e-19
3128329.55988436 2.92625110386421e-19 2.89474845210631e-19 2.95775375562211e-19
3966774.36773649 1.79227710922849e-19 1.77161091258182e-19 1.81294330587517e-19
5029936.45116879 1.09342647513248e-19 1.08001256302691e-19 1.10684038723804e-19
6378043.81024912 6.63753453646389e-20 6.55136577782532e-20 6.72370329510245e-20
8087466.55954362 4.003832797714e-20 3.948876964763e-20 4.05878863066499e-20
10255043.285628 2.39585468538628e-20 2.36080655928829e-20 2.43090281148426e-20
13003566.9409974 1.4191440639961e-20 1.39652851298062e-20 1.44175961501158e-20
16488741.0495845 8.29831138828418e-21 8.14865064113516e-21 8.44797213543321e-21
20908000.2920645 4.77362791626377e-21 4.67131561451061e-21 4.87594021801694e-21
26511695.1560098 2.68966936735474e-21 2.61788458132395e-21 2.76145415338554e-21
33617274.2599379 1.47613573359517e-21 1.42539779757433e-21 1.526873669616e-21
42627267.7781488 7.8355451321892e-22 7.48226080098715e-22 8.18882946339124e-22
54052090.7251378 3.9869940131287e-22 3.74956673012441e-22 4.22442129613299e-22
68538957.9028144 1.92279440458946e-22 1.77154213600957e-22 2.07404667316935e-22
86908548.5386981 8.66341552459082e-23 7.76605073489992e-23 9.56078031428171e-23
110201497.662297 3.58096168343968e-23 3.09470498061289e-23 4.06721838626648e-23
139737347.950364 1.32686990260404e-23 1.0917671394795e-23 1.56197266572858e-23
177189301.655759 4.28005369109809e-24 3.29482986995846e-24 5.26527751223773e-24
