112606.251051226 1.18861952270821e-16 1.15729463195523e-16 1.21994441346119e-16
142786.615593472 7.37667085211581e-17 7.19973179880745e-17 7.55360990542417e-17
181055.824186555 4.57741191109163e-17 4.47807977918798e-17 4.67674404299527e-17
229581.822747338 2.83991992674163e-17 2.78447756537621e-17 2.89536228810704e-17
291113.603071291 1.76156635934208e-17 1.73075993365302e-17 1.79237278503115e-17
369136.932876502 1.09238004640442e-17 1.07528840195766e-17 1.10947169085118e-17
468071.824112259 6.77171509046381e-18 6.67649102830766e-18 6.86693915261996e-18
593522.926087366 4.19598191087741e-18 4.1422091768104e-18 4.24975464494442e-18
752597.028157849 2.5985293560272e-18 2.56737577876524e-18 2.62968293328917e-18
954305.65846188 1.60811154722903e-18 1.58938989021605e-18 1.62683320424201e-18
1210075.58587031 9.94299825313664e-19 9.82588961055139e-19 1.00601068957219e-18
1534396.14502492 6.14083444514183e-19 6.06509202232029e-19 6.21657686796338e-19
1945640.05534746 3.78716831844609e-19 3.73716136558323e-19 3.83717527130894e-19
2467104.23331454 2.33137478716109e-19 2.29809986160631e-19 2.36464971271587e-19
3128329.55988436 1.4318851725425e-19 1.40977974628666e-19 1.45399059879834e-19
3966774.36773649 8.76868576898242e-20 8.62291901125158e-20 8.91445252671326e-20
5029936.45116879 5.34996226169834e-20 5.25482318706717e-20 5.4451013363295e-20
6378043.81024912 3.24881731574814e-20 3.18737671005796e-20 3.31025792143832e-20
8087466.55954362 1.96115099107825e-20 1.92179439243727e-20 2.00050758971923e-20
10255043.285628 1.17493567237862e-20 1.14977434519343e-20 1.2000969995638e-20
13003566.9409974 6.97195621487645e-21 6.80969436843889e-21 7.13421806131401e-21
16488741.0495845 4.08711724991278e-21 3.98016704038921e-21 4.19406745943636e-21
20908000.2920645 2.35931975169153e-21 2.2866238949265e-21 2.43201560845655e-21
26511695.1560098 1.33558030106502e-21 1.28479283039162e-21 1.38636777173841e-21
33617274.2599379 7.37551201743956e-22 7.01665114190558e-22 7.73437289297354e-22
42627267.7781488 3.94701863588283e-22 3.69603275739042e-22 4.19800451437525e-22
54052090.7251378 2.02975620035345e-22 1.85955126937706e-22 2.19996113132983e-22
68538957.9028144 9.9238220282448e-23 8.82489550626462e-23 1.1022748550225e-22
86908548.5386981 4.550868271465e-23 3.88702389380418e-23 5.21471264912583e-23
110201497.662297 1.92412639917875e-23 1.55591626735846e-23 2.29233653099904e-23
139737347.950364 7.33909344566541e-24 5.50502670434929e-24 9.17316018698152e-24
177189301.655759 2.45658725354782e-24 1.65839961263967e-24 3.25477489445598e-24
