112606.251051226 1.20494929886015e-16 1.17439706020004e-16 1.23550153752027e-16
142786.615593472 7.48231360149879e-17 7.30883162216643e-17 7.65579558083116e-17
181055.824186555 4.64599824420339e-17 4.54801868252923e-17 4.74397780587756e-17
229581.822747338 2.88464082550623e-17 2.82957852509372e-17 2.93970312591875e-17
291113.603071291 1.79087743203097e-17 1.76005091424384e-17 1.82170394981811e-17
369136.932876502 1.11170882595109e-17 1.09447195095421e-17 1.12894570094797e-17
468071.824112259 6.90008120448174e-18 6.80336238563907e-18 6.9968000233244e-18
593522.926087366 4.28192129330327e-18 4.22704582717739e-18 4.33679675942916e-18
752597.028157849 2.6565830897979e-18 2.62478084617145e-18 2.68838533342436e-18
954305.65846188 1.64771326067177e-18 1.62869822962216e-18 1.66672829172137e-18
1210075.58587031 1.02159669122136e-18 1.00980644762107e-18 1.03338693482165e-18
1534396.14502492 6.33102368612763e-19 6.25544343768685e-19 6.40660393456842e-19
1945640.05534746 3.92112339704297e-19 3.87151074966057e-19 3.97073604442537e-19
2467104.23331454 2.42672225512339e-19 2.39374932252423e-19 2.45969518772256e-19
3128329.55988436 1.50042739402608e-19 1.47844824444466e-19 1.52240654360751e-19
3966774.36773649 9.26582537319431e-20 9.11982229309451e-20 9.41182845329411e-20
5029936.45116879 5.71329347389889e-20 5.61700352577034e-20 5.80958342202745e-20
6378043.81024912 3.51595705913864e-20 3.45301094369587e-20 3.57890317458142e-20
8087466.55954362 2.15838353710873e-20 2.11757888720241e-20 2.19918818701505e-20
10255043.285628 1.32085273226745e-20 1.29454381339222e-20 1.34716165114267e-20
13003566.9409974 8.05112538510431e-21 7.88127441766984e-21 8.22097635253878e-21
16488741.0495845 4.88284842926174e-21 4.77178109566619e-21 4.99391576285729e-21
20908000.2920645 2.94251440351767e-21 2.8678567462506e-21 3.01717206078473e-21
26511695.1560098 1.75893543284617e-21 1.70675262855815e-21 1.81111823713419e-21
33617274.2599379 1.04069943491864e-21 1.00278748684872e-21 1.07861138298856e-21
42627267.7781488 6.07785885559327e-22 5.79539778975289e-22 6.36031992143366e-22
54052090.7251378 3.49149514895277e-22 3.27974558663043e-22 3.70324471127512e-22
68538957.9028144 1.96420865951444e-22 1.80722297423272e-22 2.12119434479615e-22
86908548.5386981 1.07607937090625e-22 9.62538162010122e-23 1.18962057980238e-22
110201497.662297 5.70025230125346e-23 4.90807380254714e-23 6.49243079995978e-23
139737347.950364 2.89349037721781e-23 2.36602134854739e-23 3.42095940588822e-23
177189301.655759 1.39143858278318e-23 1.06022539186162e-23 1.72265177370474e-23
