112606.251051226 2.48655828064646e-16 2.44728622243892e-16 2.525830338854e-16
142786.615593472 1.53805580061929e-16 1.51580342161495e-16 1.56030817962363e-16
181055.824186555 9.5136135472066e-17 9.38811040245506e-17 9.63911669195814e-17
229581.822747338 5.8846261238278e-17 5.81412227072314e-17 5.95512997693245e-17
291113.603071291 3.6399229316662e-17 3.60041038168152e-17 3.67943548165087e-17
369136.932876502 2.25146619083417e-17 2.22930772610413e-17 2.2736246555642e-17
468071.824112259 1.39263908703722e-17 1.38014023605876e-17 1.40513793801568e-17
593522.926087366 8.61413384918926e-18 8.54267447198294e-18 8.68559322639558e-18
752597.028157849 5.32824891338071e-18 5.28644827422609e-18 5.37004955253533e-18
954305.65846188 3.2957723754866e-18 3.27054756902113e-18 3.32099718195206e-18
1210075.58587031 2.03858901027387e-18 2.02283627369166e-18 2.05434174685607e-18
1534396.14502492 1.2609615684817e-18 1.25082093564197e-18 1.27110220132144e-18
1945640.05534746 7.79962359785616e-19 7.73292646014082e-19 7.86632073557149e-19
2467104.23331454 4.8244183436916e-19 4.78003427557976e-19 4.86880241180344e-19
3128329.55988436 2.98411577604124e-19 2.95447082076086e-19 3.01376073132161e-19
3966774.36773649 1.84580410510532e-19 1.82603873427952e-19 1.86556947593112e-19
5029936.45116879 1.14170675470596e-19 1.12859490465443e-19 1.15481860475748e-19
6378043.81024912 7.06191191088856e-20 6.97551202012212e-20 7.14831180165499e-20
8087466.55954362 4.36805856160208e-20 4.31152397169697e-20 4.42459315150719e-20
10255043.285628 2.70179640061541e-20 2.66502224769637e-20 2.73857055353445e-20
13003566.9409974 1.67114549407947e-20 1.6472927046763e-20 1.69499828348263e-20
16488741.0495845 1.03364809027939e-20 1.01812483472237e-20 1.0491713458364e-20
20908000.2920645 6.39332959541473e-21 6.29090411749269e-21 6.49575507333676e-21
26511695.1560098 3.9543612152713e-21 3.88484620188175e-21 4.02387622866085e-21
33617274.2599379 2.44578940284772e-21 2.39657331358543e-21 2.49500549211001e-21
42627267.7781488 1.51270244639527e-21 1.47613877738909e-21 1.54926611540146e-21
54052090.7251378 9.35572552382235e-22 9.07249033155123e-22 9.63896071609348e-22
68538957.9028144 5.78612932977266e-22 5.56049672414234e-22 6.01176193540298e-22
86908548.5386981 3.57834276481266e-22 3.39598310342983e-22 3.7607024261955e-22
110201497.662297 2.21286214237667e-22 2.064738980228e-22 2.36098530452534e-22
139737347.950364 1.36835778255757e-22 1.24808838672673e-22 1.48862717838841e-22
177189301.655759 8.46078375032442e-23 7.48713117289612e-23 9.43443632775272e-23
