112606.251051226 6.17554523429237e-17 5.9289909400798e-17 6.42209952850495e-17
142786.615593472 3.82106427598836e-17 3.68092256750082e-17 3.96120598447589e-17
181055.824186555 2.36421423132361e-17 2.28497504700107e-17 2.44345341564614e-17
229581.822747338 1.46278670039739e-17 1.41821576694463e-17 1.50735763385014e-17
291113.603071291 9.05033477297704e-18 8.80079584729952e-18 9.29987369865456e-18
369136.932876502 5.59931534186092e-18 5.46005534550876e-18 5.73857533821308e-18
468071.824112259 3.46408285259232e-18 3.38638551798558e-18 3.54178018719906e-18
593522.926087366 2.14298995964578e-18 2.09942092276875e-18 2.1865589965228e-18
752597.028157849 1.32563745641385e-18 1.30088043969262e-18 1.35039447313508e-18
954305.65846188 8.1996414596047e-19 8.05560546849105e-19 8.34367745071836e-19
1210075.58587031 5.07132178543594e-19 4.98471137113474e-19 5.15793219973715e-19
1534396.14502492 3.13611476350371e-19 3.08209332044201e-19 3.19013620656541e-19
1945640.05534746 1.93906477289802e-19 1.90427200586205e-19 1.97385753993399e-19
2467104.23331454 1.1986804062269e-19 1.17577441606684e-19 1.22158639638697e-19
3128329.55988436 7.40800535794411e-20 7.25552502820006e-20 7.56048568768815e-20
3966774.36773649 4.57673344333178e-20 4.47498074943524e-20 4.67848613722832e-20
5029936.45116879 2.8263629182315e-20 2.75867634607327e-20 2.89404949038974e-20
6378043.81024912 1.74449377702894e-20 1.6997495524745e-20 1.78923800158338e-20
8087466.55954362 1.0760148187517e-20 1.04665380855911e-20 1.10537582894429e-20
10255043.285628 6.63125867807883e-21 6.43985652668978e-21 6.82266082946789e-21
13003566.9409974 4.08228303515062e-21 3.95793670990939e-21 4.20662936039185e-21
16488741.0495845 2.50965231161792e-21 2.4286182945605e-21 2.59068632867533e-21
20908000.2920645 1.54016547303029e-21 1.48661330514462e-21 1.59371764091595e-21
26511695.1560098 9.43108806028735e-22 9.06703476905882e-22 9.79514135151587e-22
33617274.2599379 5.75890177105581e-22 5.50113234361223e-22 6.0166711984994e-22
42627267.7781488 3.50408749161556e-22 3.31344898416879e-22 3.69472599906234e-22
54052090.7251378 2.12253161811592e-22 1.97660996951015e-22 2.26845326672169e-22
68538957.9028144 1.27835978426497e-22 1.16451400178776e-22 1.39220556674217e-22
86908548.5386981 7.64375880348678e-23 6.75128328100328e-23 8.53623432597027e-23
110201497.662297 4.52869283278127e-23 3.8329980196746e-23 5.22438764588794e-23
139737347.950364 2.65205131961155e-23 2.11664246186175e-23 3.18746017736135e-23
177189301.655759 1.53030795507822e-23 1.1256363637231e-23 1.93497954643333e-23
