112606.251051226 1.7528404928005e-16 1.71687553569772e-16 1.78880544990327e-16
142786.615593472 1.0915574810972e-16 1.07121929555043e-16 1.11189566664397e-16
181055.824186555 6.7964843203948e-17 6.68216273512635e-17 6.91080590566325e-17
229581.822747338 4.23094811674511e-17 4.16703034548966e-17 4.29486588800055e-17
291113.603071291 2.63320184181087e-17 2.59758914149356e-17 2.66881454212817e-17
369136.932876502 1.63830596225839e-17 1.6184549617153e-17 1.65815696280148e-17
468071.824112259 1.0189055887208e-17 1.00775765998233e-17 1.03005351745927e-17
593522.926087366 6.33366177889089e-18 6.26992451507787e-18 6.39739904270391e-18
752597.028157849 3.93458881390771e-18 3.89703768659583e-18 3.9721399412196e-18
954305.65846188 2.44226794073972e-18 2.41927798061945e-18 2.46525790085998e-18
1210075.58587031 1.5144076242526e-18 1.49979126567791e-18 1.5290239828273e-18
1534396.14502492 9.37839805967378e-19 9.28283247583014e-19 9.47396364351743e-19
1945640.05534746 5.79828926160194e-19 5.73487776260271e-19 5.86170076060117e-19
2467104.23331454 3.57737849917602e-19 3.53516942959328e-19 3.61958756875876e-19
3128329.55988436 2.20130809421621e-19 2.17334868610537e-19 2.22926750232705e-19
3966774.36773649 1.35001849896488e-19 1.33167502787335e-19 1.36836197005641e-19
5029936.45116879 8.2442479722249e-20 8.12529543440454e-20 8.36320051004527e-20
6378043.81024912 5.00748471550119e-20 4.9311994798688e-20 5.08376995113358e-20
8087466.55954362 3.02076947878183e-20 2.97219688434111e-20 3.06934207322255e-20
10255043.285628 1.80654474658368e-20 1.77556893548628e-20 1.83752055768108e-20
13003566.9409974 1.06857123369624e-20 1.04850905448102e-20 1.08863341291147e-20
16488741.0495845 6.23306563863491e-21 6.09914310024814e-21 6.36698817702168e-21
20908000.2920645 3.57207143628873e-21 3.47943938930566e-21 3.66470348327179e-21
26511695.1560098 2.00170683764521e-21 1.93604960102475e-21 2.06736407426568e-21
33617274.2599379 1.09026667587203e-21 1.04363249588097e-21 1.13690085586308e-21
42627267.7781488 5.72805845335763e-22 5.40390836261094e-22 6.05220854410433e-22
54052090.7251378 2.87493541516965e-22 2.65889151873862e-22 3.09097931160068e-22
68538957.9028144 1.36167503119873e-22 1.22606616013616e-22 1.49728390226129e-22
86908548.5386981 5.99233645270563e-23 5.20500219799109e-23 6.77967070742017e-23
110201497.662297 2.4023729566286e-23 1.9881081187524e-23 2.81663779450479e-23
139737347.950364 8.55770448428255e-24 6.63089052701091e-24 1.04845184415542e-23
177189301.655759 2.62415904959002e-24 1.85628875089456e-24 3.39202934828547e-24
