112606.251051226 6.33179996545093e-17 6.08108926870567e-17 6.58251066219619e-17
142786.615593472 3.90477144033858e-17 3.76273482199587e-17 4.04680805868129e-17
181055.824186555 2.40803995028566e-17 2.32798749115817e-17 2.48809240941315e-17
229581.822747338 1.48501656324987e-17 1.44012833312134e-17 1.5299047933784e-17
291113.603071291 9.15795119224234e-18 8.90737935375185e-18 9.40852303073283e-18
369136.932876502 5.64760888093982e-18 5.50815394839566e-18 5.78706381348398e-18
468071.824112259 3.48281144694264e-18 3.40519174467716e-18 3.56043114920812e-18
593522.926087366 2.14780142164061e-18 2.10436079558284e-18 2.19124204769839e-18
752597.028157849 1.32451469484625e-18 1.29986609339172e-18 1.34916329630078e-18
954305.65846188 8.16803378893774e-19 8.02477190208246e-19 8.31129567579302e-19
1210075.58587031 5.0370451936597e-19 4.95097382858438e-19 5.12311655873502e-19
1534396.14502492 3.10621202817509e-19 3.05258566400311e-19 3.15983839234707e-19
1945640.05534746 1.91550129998916e-19 1.88101685773522e-19 1.9499857422431e-19
2467104.23331454 1.18121476055569e-19 1.15855617782173e-19 1.20387334328964e-19
3128329.55988436 7.28398454908893e-20 7.13347020086046e-20 7.43449889731739e-20
3966774.36773649 4.49160156052491e-20 4.39136392475906e-20 4.59183919629076e-20
5029936.45116879 2.76964024416535e-20 2.70307730969724e-20 2.83620317863347e-20
6378043.81024912 1.70778316380618e-20 1.66384006870262e-20 1.75172625890973e-20
8087466.55954362 1.05299401167403e-20 1.02418331754934e-20 1.08180470579871e-20
10255043.285628 6.49229943532667e-21 6.30455871580929e-21 6.68004015484405e-21
13003566.9409974 4.00262723714417e-21 3.88066492599065e-21 4.12458954829769e-21
16488741.0495845 2.4675089484538e-21 2.38802035141316e-21 2.54699754549445e-21
20908000.2920645 1.52100437587941e-21 1.46846797804326e-21 1.57354077371556e-21
26511695.1560098 9.37452146817588e-22 9.01720083786243e-22 9.73184209848933e-22
33617274.2599379 5.77697439508479e-22 5.52338343003562e-22 6.03056536013397e-22
42627267.7781488 3.55931502093094e-22 3.37054294678384e-22 3.74808709507805e-22
54052090.7251378 2.19242217979727e-22 2.04607588802134e-22 2.33876847157321e-22
68538957.9028144 1.35003402842182e-22 1.23353165955878e-22 1.46653639728486e-22
86908548.5386981 8.30981264109801e-23 7.37019169093396e-23 9.24943359126206e-23
110201497.662297 5.11230903923465e-23 4.35160408210584e-23 5.87301399636346e-23
139737347.950364 3.14313604229603e-23 2.52817138549506e-23 3.75810069909701e-23
177189301.655759 1.93087643896566e-23 1.43572509570198e-23 2.42602778222935e-23
