112606.251051226 6.15979248445222e-17 5.91153263394586e-17 6.40805233495858e-17
142786.615593472 3.80855538708989e-17 3.6675345641765e-17 3.94957621000328e-17
181055.824186555 2.35479865305923e-17 2.27511566073352e-17 2.43448164538494e-17
229581.822747338 1.45594981289408e-17 1.41116162057808e-17 1.50073800521009e-17
291113.603071291 9.00197742637296e-18 8.75142743065483e-18 9.25252742209108e-18
369136.932876502 5.56580548703019e-18 5.4261179532987e-18 5.70549302076167e-18
468071.824112259 3.44125093428183e-18 3.36341018393406e-18 3.51909168462959e-18
593522.926087366 2.12766080697144e-18 2.08407899947834e-18 2.17124261446455e-18
752597.028157849 1.31548400290952e-18 1.29076700068925e-18 1.34020100512979e-18
954305.65846188 8.13326840547548e-19 7.9897721701755e-19 8.27676464077546e-19
1210075.58587031 5.02851809727246e-19 4.94240456504332e-19 5.11463162950161e-19
1534396.14502492 3.10891659539742e-19 3.05528006158496e-19 3.16255312920988e-19
1945640.05534746 1.92207661712638e-19 1.88754945386369e-19 1.95660378038907e-19
2467104.23331454 1.18829124920815e-19 1.16555212096149e-19 1.21103037745482e-19
3128329.55988436 7.34620691932533e-20 7.19468182042905e-20 7.4977320182216e-20
3966774.36773649 4.54138444036909e-20 4.44011631529442e-20 4.64265256544376e-20
5029936.45116879 2.80733455608272e-20 2.73984489566051e-20 2.87482421650492e-20
6378043.81024912 1.73530461081181e-20 1.69059644634902e-20 1.7800127752746e-20
8087466.55954362 1.07257183329427e-20 1.04316923146607e-20 1.10197443512247e-20
10255043.285628 6.62884548321998e-21 6.43677030690456e-21 6.82092065953539e-21
13003566.9409974 4.09637540113526e-21 3.97140043106514e-21 4.22135037120538e-21
16488741.0495845 2.53103785513603e-21 2.44956722883306e-21 2.61250848143899e-21
20908000.2920645 1.56357131475917e-21 1.50980782817398e-21 1.61733480134435e-21
26511695.1560098 9.65685059973594e-22 9.29238730554282e-22 1.00213138939291e-21
33617274.2599379 5.96245291741079e-22 5.70485247472554e-22 6.22005336009603e-22
42627267.7781488 3.68003237880411e-22 3.48890782214108e-22 3.87115693546714e-22
54052090.7251378 2.27024076760198e-22 2.12228370034466e-22 2.41819783485929e-22
68538957.9028144 1.39968555107588e-22 1.28186688985379e-22 1.51750421229797e-22
86908548.5386981 8.62297603023464e-23 7.67157356819263e-23 9.57437849227665e-23
110201497.662297 5.30717088993847e-23 4.53586082906194e-23 6.07848095081499e-23
139737347.950364 3.26238623364653e-23 2.63822926831487e-23 3.88654319897819e-23
177189301.655759 2.00230890713046e-23 1.49964134580532e-23 2.5049764684556e-23
