112606.251051226 1.75674333532226e-16 1.72352141752384e-16 1.78996525312068e-16
142786.615593472 1.09380969435257e-16 1.07485011986725e-16 1.11276926883789e-16
181055.824186555 6.81036480632645e-17 6.7026950063765e-17 6.91803460627639e-17
229581.822747338 4.24026344288423e-17 4.17939182068218e-17 4.30113506508628e-17
291113.603071291 2.64002179394007e-17 2.6057200069824e-17 2.67432358089774e-17
369136.932876502 1.64366120674764e-17 1.62434663117004e-17 1.66297578232524e-17
468071.824112259 1.02330376292481e-17 1.01238763729486e-17 1.03421988855476e-17
593522.926087366 6.37060902431232e-18 6.3082448034193e-18 6.43297324520534e-18
752597.028157849 3.9658582911025e-18 3.92950451423678e-18 4.00221206796821e-18
954305.65846188 2.46869757744791e-18 2.44687112929773e-18 2.49052402559809e-18
1210075.58587031 1.5366190192733e-18 1.5230509392686e-18 1.55018709927799e-18
1534396.14502492 9.56364511925301e-19 9.47649020398767e-19 9.65080003451835e-19
1945640.05534746 5.95153001939788e-19 5.89415250813844e-19 6.00890753065733e-19
2467104.23331454 3.70311992604252e-19 3.66480382145362e-19 3.74143603063141e-19
3128329.55988436 2.30368556525154e-19 2.27796317917655e-19 2.32940795132652e-19
3966774.36773649 1.4327567436474e-19 1.41550729342927e-19 1.45000619386553e-19
5029936.45116879 8.90814143765968e-20 8.79303967338286e-20 9.02324320193649e-20
6378043.81024912 5.53644575443779e-20 5.46017444232114e-20 5.61271706655444e-20
8087466.55954362 3.43920883050034e-20 3.38904270937496e-20 3.48937495162573e-20
10255043.285628 2.13506738669943e-20 2.10227808842847e-20 2.16785668497039e-20
13003566.9409974 1.3243921811682e-20 1.30302205835049e-20 1.3457623039859e-20
16488741.0495845 8.20692258459125e-21 8.06709489005347e-21 8.34675027912903e-21
20908000.2920645 5.07907351322394e-21 4.98618050045478e-21 5.17196652599311e-21
26511695.1560098 3.13818918084436e-21 3.07460122822332e-21 3.20177713346541e-21
33617274.2599379 1.93496910135998e-21 1.88954486204612e-21 1.98039334067384e-21
42627267.7781488 1.18994832611847e-21 1.15599377724956e-21 1.22390287498738e-21
54052090.7251378 7.29349281199287e-22 7.03041930961211e-22 7.55656631437363e-22
68538957.9028144 4.45152368897437e-22 4.24348820998143e-22 4.65955916796731e-22
86908548.5386981 2.70243875641923e-22 2.53686530570643e-22 2.86801220713204e-22
110201497.662297 1.62949742641376e-22 1.49817609813848e-22 1.76081875468903e-22
139737347.950364 9.74118222125905e-23 8.70987802834041e-23 1.07724864141777e-22
177189301.655759 5.76006639144905e-23 4.96163997958703e-23 6.55849280331107e-23
