112606.251051226 1.22749545314626e-16 1.19723844843468e-16 1.25775245785784e-16
142786.615593472 7.60207194183748e-17 7.43035924414769e-17 7.77378463952727e-17
181055.824186555 4.70808159820381e-17 4.61113340025171e-17 4.8050297961559e-17
229581.822747338 2.91578763194261e-17 2.86131504450995e-17 2.97026021937528e-17
291113.603071291 1.80579178807162e-17 1.77530127301153e-17 1.83628230313171e-17
369136.932876502 1.1183540137773e-17 1.10131346404445e-17 1.13539456351015e-17
468071.824112259 6.9261314306863e-18 6.83063793769222e-18 7.02162492368037e-18
593522.926087366 4.28945289992643e-18 4.23542139654207e-18 4.3434844033108e-18
752597.028157849 2.65651796910172e-18 2.62535233092431e-18 2.68768360727913e-18
954305.65846188 1.64521706633277e-18 1.6267027590843e-18 1.66373137358125e-18
1210075.58587031 1.01890369838133e-18 1.00750197367881e-18 1.03030542308385e-18
1534396.14502492 6.31018973585159e-19 6.23747851132612e-19 6.38290096037706e-19
1945640.05534746 3.90796682711103e-19 3.86033831187299e-19 3.95559534234907e-19
2467104.23331454 2.42023907583515e-19 2.38854035106132e-19 2.45193780060899e-19
3128329.55988436 1.49887127359838e-19 1.47764127415952e-19 1.52010127303724e-19
3966774.36773649 9.28258029684662e-20 9.14046241162772e-20 9.42469818206553e-20
5029936.45116879 5.74871728366208e-20 5.65401459782305e-20 5.84341996950111e-20
6378043.81024912 3.56016782620986e-20 3.49747629415757e-20 3.62285935826215e-20
8087466.55954362 2.20478653016261e-20 2.16357527467952e-20 2.24599778564569e-20
10255043.285628 1.36539483461273e-20 1.33845899196465e-20 1.39233067726081e-20
13003566.9409974 8.45559992646389e-21 8.27994191065107e-21 8.63125794227672e-21
16488741.0495845 5.23628860198277e-21 5.12121473606905e-21 5.35136246789649e-21
20908000.2920645 3.2426032945943e-21 3.16603022978944e-21 3.31917635939917e-21
26511695.1560098 2.00794944279794e-21 1.95543421926989e-21 2.06046466632599e-21
33617274.2599379 1.24336148763948e-21 1.20575740924611e-21 1.28096556603285e-21
42627267.7781488 7.69881520022859e-22 7.41660285208609e-22 7.98102754837109e-22
54052090.7251378 4.76680471023215e-22 4.54657182977741e-22 4.9870375906869e-22
68538957.9028144 2.95122034311317e-22 2.77497417552758e-22 3.12746651069877e-22
86908548.5386981 1.82700148446355e-22 1.68419525708794e-22 1.96980771183916e-22
110201497.662297 1.130913095652e-22 1.01476167739207e-22 1.24706451391193e-22
139737347.950364 6.99938779838293e-23 6.05561117213027e-23 7.94316442463559e-23
177189301.655759 4.33127161766736e-23 3.56691857394387e-23 5.09562466139084e-23
