112606.251051226 1.21046448991629e-16 1.18029518911796e-16 1.24063379071463e-16
142786.615593472 7.52264621368939e-17 7.35059991298654e-17 7.69469251439223e-17
181055.824186555 4.67506710229686e-17 4.57744261875939e-17 4.77269158583434e-17
229581.822747338 2.9053825177097e-17 2.85024623274682e-17 2.96051880267258e-17
291113.603071291 1.80557936004041e-17 1.77455530814296e-17 1.83660341193786e-17
369136.932876502 1.122088328372e-17 1.10466017918429e-17 1.13951647755971e-17
468071.824112259 6.97322950287645e-18 6.87510260774653e-18 7.07135639800636e-18
593522.926087366 4.33347576500338e-18 4.27774699676134e-18 4.38920453324542e-18
752597.028157849 2.69297969113962e-18 2.6607690058392e-18 2.72519037644005e-18
954305.65846188 1.67348778876294e-18 1.65435398264555e-18 1.69262159488034e-18
1210075.58587031 1.03992696866093e-18 1.02816603824127e-18 1.0516878990806e-18
1534396.14502492 6.46206762787915e-19 6.38726346318948e-19 6.53687179256883e-19
1945640.05534746 4.01536845131277e-19 3.9664768156526e-19 4.06426008697294e-19
2467104.23331454 2.49494282530007e-19 2.46244015965995e-19 2.52744549094018e-19
3128329.55988436 1.55014409527714e-19 1.52837604571748e-19 1.5719121448368e-19
3966774.36773649 9.63060260013529e-20 9.48476424274047e-20 9.77644095753011e-20
5029936.45116879 5.98269291645366e-20 5.88538636822634e-20 6.07999946468097e-20
6378043.81024912 3.71613596360376e-20 3.65163076549192e-20 3.78064116171561e-20
8087466.55954362 2.30794338143646e-20 2.26549030410046e-20 2.35039645877246e-20
10255043.285628 1.43311466505964e-20 1.40535081951491e-20 1.46087851060437e-20
13003566.9409974 8.89688796839516e-21 8.71589728770549e-21 9.07787864908482e-21
16488741.0495845 5.52166770315917e-21 5.40329921112871e-21 5.64003619518964e-21
20908000.2920645 3.42565690078868e-21 3.34713418288074e-21 3.50417961869662e-21
26511695.1560098 2.12430278426081e-21 2.07066385246158e-21 2.17794171606004e-21
33617274.2599379 1.31653996818605e-21 1.27827022135309e-21 1.35480971501901e-21
42627267.7781488 8.15320625823129e-22 7.86661725930843e-22 8.43979525715416e-22
54052090.7251378 5.04443958633956e-22 4.82095112192496e-22 5.26792805075417e-22
68538957.9028144 3.11729340065887e-22 2.93849878538151e-22 3.29608801593623e-22
86908548.5386981 1.92346104322171e-22 1.77875591284389e-22 2.06816617359953e-22
110201497.662297 1.18455010388465e-22 1.06719977831883e-22 1.30190042945048e-22
139737347.950364 7.2771918861932e-23 6.32888135796662e-23 8.22550241441978e-23
177189301.655759 4.45687614596186e-23 3.69550393996665e-23 5.21824835195707e-23
