112606.251051226 1.26009167988149e-16 1.22750393570166e-16 1.29267942406131e-16
142786.615593472 7.7678849650356e-17 7.58469182085826e-17 7.95107810921293e-17
181055.824186555 4.78815056987573e-17 4.68574944608924e-17 4.89055169366222e-17
229581.822747338 2.95112520618041e-17 2.89418176641408e-17 3.00806864594673e-17
291113.603071291 1.81865443951489e-17 1.78710921833433e-17 1.85019966069545e-17
369136.932876502 1.12057286139062e-17 1.10311116683557e-17 1.13803455594567e-17
468071.824112259 6.90300053122052e-18 6.80587957581641e-18 7.00012148662463e-18
593522.926087366 4.25127227533038e-18 4.19651796224369e-18 4.30602658841707e-18
752597.028157849 2.61728995858103e-18 2.58564761221996e-18 2.6489323049421e-18
954305.65846188 1.61063439863766e-18 1.59170180277035e-18 1.62956699450496e-18
1210075.58587031 9.9061291095498e-19 9.78844864282428e-19 1.00238095762753e-18
1534396.14502492 6.08848248369262e-19 6.01292623646728e-19 6.16403873091796e-19
1945640.05534746 3.73879176018867e-19 3.68925480511278e-19 3.78832871526456e-19
2467104.23331454 2.29333774355892e-19 2.26056193086758e-19 2.32611355625027e-19
3128329.55988436 1.40471807640017e-19 1.38302979195585e-19 1.42640636084449e-19
3966774.36773649 8.58874573455505e-20 8.44603871112725e-20 8.73145275798286e-20
5029936.45116879 5.23938768592937e-20 5.14630322287171e-20 5.33247214898703e-20
6378043.81024912 3.18695740883457e-20 3.12682162841591e-20 3.24709318925323e-20
8087466.55954362 1.93143697355342e-20 1.89290594423676e-20 1.96996800287008e-20
10255043.285628 1.16510977429407e-20 1.14051560613802e-20 1.18970394245011e-20
13003566.9409974 6.98705758005041e-21 6.82931607371842e-21 7.1447990863824e-21
16488741.0495845 4.15888739696833e-21 4.05590422569924e-21 4.26187056823742e-21
20908000.2920645 2.45214274172827e-21 2.38278093903651e-21 2.52150454442003e-21
26511695.1560098 1.42855639414106e-21 1.3800891415687e-21 1.47702364671341e-21
33617274.2599379 8.19660222910766e-22 7.84804220766227e-22 8.54516225055306e-22
42627267.7781488 4.61298647822645e-22 4.35957664609576e-22 4.86639631035715e-22
54052090.7251378 2.53334413966822e-22 2.35072178372187e-22 2.71596649561457e-22
68538957.9028144 1.34871185524024e-22 1.22043920783041e-22 1.47698450265008e-22
86908548.5386981 6.90307175287034e-23 6.03731579935343e-23 7.76882770638726e-23
110201497.662297 3.36109096241471e-23 2.80705524439878e-23 3.91512668043064e-23
139737347.950364 1.53610455530107e-23 1.20474603869611e-23 1.86746307190604e-23
177189301.655759 6.47879390049515e-24 4.65804643654079e-24 8.29954136444951e-24
