112606.251051226 1.19891972316061e-16 1.16860183710316e-16 1.22923760921805e-16
142786.615593472 7.45499636488021e-17 7.28215579773691e-17 7.62783693202351e-17
181055.824186555 4.63550075025553e-17 4.53747366307683e-17 4.73352783743424e-17
229581.822747338 2.88227616085761e-17 2.82695177352105e-17 2.93760054819418e-17
291113.603071291 1.79209687025425e-17 1.76099682614353e-17 1.82319691436496e-17
369136.932876502 1.11421970593482e-17 1.09677006411883e-17 1.13166934775082e-17
468071.824112259 6.92722379348374e-18 6.82911431251938e-18 7.02533327444809e-18
593522.926087366 4.30646588130225e-18 4.25082640664855e-18 4.36210535595595e-18
752597.028157849 2.67700440384133e-18 2.64488085174858e-18 2.70912795593408e-18
954305.65846188 1.66392752491284e-18 1.64485266023616e-18 1.68300238958952e-18
1210075.58587031 1.03410708317193e-18 1.02237579412298e-18 1.04583837222088e-18
1534396.14502492 6.42580994305115e-19 6.35109925325939e-19 6.50052063284292e-19
1945640.05534746 3.9921152592963e-19 3.94321460679738e-19 4.04101591179522e-19
2467104.23331454 2.47952069031331e-19 2.44697731705018e-19 2.51206406357645e-19
3128329.55988436 1.53954450205758e-19 1.51774074934535e-19 1.56134825476981e-19
3966774.36773649 9.55518366960974e-20 9.40916602690956e-20 9.70120131230992e-20
5029936.45116879 5.92734876922025e-20 5.83004087330932e-20 6.02465666513118e-20
6378043.81024912 3.67448245247896e-20 3.6101028336881e-20 3.73886207126982e-20
8087466.55954362 2.27598576341236e-20 2.23372438261335e-20 2.31824714421137e-20
10255043.285628 1.40826200235539e-20 1.38070392274273e-20 1.43582008196806e-20
13003566.9409974 8.70191425773442e-21 8.52275271698437e-21 8.88107579848447e-21
16488741.0495845 5.36793705682542e-21 5.25096178935121e-21 5.48491232429963e-21
20908000.2920645 3.30417709318821e-21 3.22656042552368e-21 3.38179376085274e-21
26511695.1560098 2.02829653460721e-21 1.97516796797779e-21 2.08142510123663e-21
33617274.2599379 1.24077624623815e-21 1.20281696280484e-21 1.27873552967147e-21
42627267.7781488 7.55693556309752e-22 7.27368500489923e-22 7.8401861212958e-22
54052090.7251378 4.57695183923613e-22 4.35874222129396e-22 4.79516145717831e-22
68538957.9028144 2.75255689883845e-22 2.5818303974983e-22 2.9232834001786e-22
86908548.5386981 1.64059966313121e-22 1.50687471477688e-22 1.77432461148554e-22
110201497.662297 9.66789038766919e-23 8.63001956344901e-23 1.07057612118894e-22
139737347.950364 5.61565409096704e-23 4.82319441143391e-23 6.40811377050017e-23
177189301.655759 3.20280575028102e-23 2.61089552249977e-23 3.79471597806227e-23
