112606.251051226 1.21931656523475e-16 1.18899594217992e-16 1.24963718828958e-16
142786.615593472 7.55113408360758e-17 7.37890879716399e-17 7.72335937005117e-17
181055.824186555 4.67635911478116e-17 4.57901969026755e-17 4.77369853929477e-17
229581.822747338 2.89603284556697e-17 2.84127292427545e-17 2.9507927668585e-17
291113.603071291 1.79349039411819e-17 1.76279538710472e-17 1.82418540113167e-17
369136.932876502 1.11069433078066e-17 1.09351256025754e-17 1.12787610130377e-17
468071.824112259 6.87844017732295e-18 6.78200370415923e-18 6.97487665048666e-18
593522.926087366 4.25976125169915e-18 4.20512638412737e-18 4.31439611927093e-18
752597.028157849 2.6380341113117e-18 2.60650408228567e-18 2.66956414033772e-18
954305.65846188 1.63371151438042e-18 1.61499391260041e-18 1.65242911616042e-18
1210075.58587031 1.01174274353459e-18 1.00023932418249e-18 1.0232461628867e-18
1534396.14502492 6.26562687711149e-19 6.19248353803774e-19 6.33877021618524e-19
1945640.05534746 3.88023994139135e-19 3.8324805834746e-19 3.92799929930811e-19
2467104.23331454 2.40299106586231e-19 2.37129707632892e-19 2.4346850553957e-19
3128329.55988436 1.48814456825286e-19 1.46696888434781e-19 1.50932025215792e-19
3966774.36773649 9.21589082384826e-20 9.07441623736637e-20 9.35736541033014e-20
5029936.45116879 5.70727163414613e-20 5.61315689486236e-20 5.80138637342991e-20
6378043.81024912 3.53442302145015e-20 3.47222054031572e-20 3.59662550258458e-20
8087466.55954362 2.18880434634524e-20 2.14798588234911e-20 2.22962281034136e-20
10255043.285628 1.3554807922025e-20 1.32885927396892e-20 1.38210231043608e-20
13003566.9409974 8.3941605252528e-21 8.22105594735096e-21 8.56726510315463e-21
16488741.0495845 5.19825970776013e-21 5.08530880498942e-21 5.31121061053085e-21
20908000.2920645 3.21910112412338e-21 3.14432788319977e-21 3.29387436504698e-21
26511695.1560098 1.99345355795159e-21 1.94247152248824e-21 2.04443559341495e-21
33617274.2599379 1.23444317286145e-21 1.19812675489623e-21 1.27075959082666e-21
42627267.7781488 7.64412554686432e-22 7.37244407382698e-22 7.91580701990166e-22
54052090.7251378 4.73340900811648e-22 4.5215606009763e-22 4.94525741525666e-22
68538957.9028144 2.93094019130513e-22 2.76124233840404e-22 3.10063804420623e-22
86908548.5386981 1.81477595848434e-22 1.67702798295336e-22 1.95252393401533e-22
110201497.662297 1.12361543466002e-22 1.01134934124025e-22 1.23588152807979e-22
139737347.950364 6.95641147443116e-23 6.04238324583152e-23 7.8704397030308e-23
177189301.655759 4.3064404890414e-23 3.56480046502521e-23 5.04808051305759e-23
