112606.251051226 1.82899507131099e-16 1.7914633413676e-16 1.86652680125439e-16
142786.615593472 1.13397669727929e-16 1.11280398471402e-16 1.15514940984455e-16
181055.824186555 7.02967839759583e-17 6.91091034869496e-17 7.1484464464967e-17
229581.822747338 4.35702811658496e-17 4.29073370733613e-17 4.42332252583379e-17
291113.603071291 2.69990426546012e-17 2.66301427005347e-17 2.73679426086678e-17
369136.932876502 1.67256687976833e-17 1.65202584134866e-17 1.693107918188e-17
468071.824112259 1.03576877140741e-17 1.0242484779149e-17 1.04728906489992e-17
593522.926087366 6.41127737808804e-18 6.34556555388848e-18 6.47698920228759e-18
752597.028157849 3.96621089284934e-18 3.92766098992554e-18 4.00476079577314e-18
954305.65846188 2.45182449102741e-18 2.42837512630052e-18 2.4752738557543e-18
1210075.58587031 1.51425897371221e-18 1.49946770258328e-18 1.52905024484115e-18
1534396.14502492 9.34114637895166e-19 9.24520308798177e-19 9.43708966992154e-19
1945640.05534746 5.75377073162453e-19 5.69055033965886e-19 5.8169911235902e-19
2467104.23331454 3.53739616813576e-19 3.49554771811373e-19 3.57924461815778e-19
3128329.55988436 2.16956926609162e-19 2.14196468077857e-19 2.19717385140466e-19
3966774.36773649 1.32660892897971e-19 1.30855364102401e-19 1.3446642169354e-19
5029936.45116879 8.08049551504838e-20 7.96368348824846e-20 8.1973075418483e-20
6378043.81024912 4.89790105026504e-20 4.82315414609203e-20 4.97264795443805e-20
8087466.55954362 2.95046141720138e-20 2.90301901866002e-20 2.99790381574275e-20
10255043.285628 1.76342205826625e-20 1.73334030755731e-20 1.7935038089752e-20
13003566.9409974 1.04350393615026e-20 1.02421303834267e-20 1.06279483395785e-20
16488741.0495845 6.09738046766262e-21 5.97037453145741e-21 6.22438640386782e-21
20908000.2920645 3.50616893788242e-21 3.41954395512332e-21 3.59279392064152e-21
26511695.1560098 1.97559270451578e-21 1.91474710268696e-21 2.03643830634461e-21
33617274.2599379 1.08485522129577e-21 1.0416928933812e-21 1.12801754921034e-21
42627267.7781488 5.7657629668948e-22 5.46373807233216e-22 6.06778786145745e-22
54052090.7251378 2.94001419503399e-22 2.73589684462585e-22 3.14413154544214e-22
68538957.9028144 1.42241871737452e-22 1.29158208035501e-22 1.55325535439404e-22
86908548.5386981 6.43837367863663e-23 5.65668528152303e-23 7.22006207575024e-23
110201497.662297 2.67819410007596e-23 2.25110581439843e-23 3.10528238575349e-23
139737347.950364 1.00090635849631e-23 7.9231729473908e-24 1.20949542225355e-23
177189301.655759 3.26560549718351e-24 2.38040773652849e-24 4.15080325783853e-24
