112606.251051226 6.26556498314611e-17 6.00759024501049e-17 6.52353972128172e-17
142786.615593472 3.87003893792949e-17 3.72442431128095e-17 4.01565356457802e-17
181055.824186555 2.39015343407695e-17 2.30844588831046e-17 2.47186097984344e-17
229581.822747338 1.47597707140063e-17 1.43039531915707e-17 1.5215588236442e-17
291113.603071291 9.11300587564544e-18 8.86000639088812e-18 9.36600536040275e-18
369136.932876502 5.625390272567e-18 5.4853978394924e-18 5.7653827056416e-18
468071.824112259 3.47158845715484e-18 3.3940534551541e-18 3.54912345915558e-18
593522.926087366 2.14169413146091e-18 2.09840605922889e-18 2.18498220369293e-18
752597.028157849 1.32069052460395e-18 1.2960736421476e-18 1.34530740706031e-18
954305.65846188 8.13971762254264e-19 7.99544200230322e-19 8.28399324278206e-19
1210075.58587031 5.01324815689656e-19 4.92540623902158e-19 5.10109007477154e-19
1534396.14502492 3.08496807460837e-19 3.0294602123368e-19 3.14047593687994e-19
1945640.05534746 1.89627944244695e-19 1.86022035891823e-19 1.93233852597567e-19
2467104.23331454 1.16398020537397e-19 1.1402044039684e-19 1.18775600677955e-19
3128329.55988436 7.13209936078829e-20 6.97473588092848e-20 7.28946284064811e-20
3966774.36773649 4.36024548467747e-20 4.25648596035212e-20 4.46400500900281e-20
5029936.45116879 2.65805571553285e-20 2.59019216513267e-20 2.72591926593303e-20
6378043.81024912 1.61452341962544e-20 1.57056634968373e-20 1.65848048956714e-20
8087466.55954362 9.76180645982885e-21 9.47955788083138e-21 1.00440550388263e-20
10255043.285628 5.86795901889687e-21 5.68754685342537e-21 6.04837118436837e-21
13003566.9409974 3.50136335056991e-21 3.38560328411845e-21 3.61712341702137e-21
16488741.0495845 2.0697650695708e-21 1.99428065313769e-21 2.14524948600391e-21
20908000.2920645 1.20906282262516e-21 1.15842565456123e-21 1.25969999068908e-21
26511695.1560098 6.95726768799253e-22 6.60637768913956e-22 7.30815768684551e-22
33617274.2599379 3.92769998636801e-22 3.67883154244173e-22 4.17656843029428e-22
42627267.7781488 2.16434117318193e-22 1.98701367150954e-22 2.34166867485432e-22
54052090.7251378 1.15660087191945e-22 1.03222339113944e-22 1.28097835269946e-22
68538957.9028144 5.94482572517621e-23 5.10148531827162e-23 6.78816613208081e-23
86908548.5386981 2.90845594471623e-23 2.36448133921076e-23 3.4524305502217e-23
110201497.662297 1.33662444415798e-23 1.00811293096521e-23 1.66513595735076e-23
139737347.950364 5.67408857005198e-24 3.84936389490374e-24 7.49881324520022e-24
177189301.655759 2.17814462546081e-24 1.26565810527702e-24 3.09063114564459e-24
