112606.251051226 5.98999416451369e-17 5.73034776447318e-17 6.24964056455419e-17
142786.615593472 3.70206877100677e-17 3.55593184744726e-17 3.84820569456628e-17
181055.824186555 2.28773829409539e-17 2.20602771502468e-17 2.36944887316609e-17
229581.822747338 1.4135035701097e-17 1.36811642147615e-17 1.45889071874325e-17
291113.603071291 8.73166526625547e-18 8.48103965628542e-18 8.98229087622551e-18
369136.932876502 5.39240644829694e-18 5.25454268229482e-18 5.53027021429905e-18
468071.824112259 3.32906910545457e-18 3.25318591407914e-18 3.40495229683e-18
593522.926087366 2.05437014644155e-18 2.01223597057561e-18 2.09650432230749e-18
752597.028157849 1.26707078404701e-18 1.24318197571837e-18 1.29095959237566e-18
954305.65846188 7.80956275795787e-19 7.66938216389725e-19 7.94974335201849e-19
1210075.58587031 4.80924384471299e-19 4.72341459270144e-19 4.89507309672454e-19
1534396.14502492 2.95835577706853e-19 2.90369465251428e-19 3.01301690162278e-19
1945640.05534746 1.81727155211616e-19 1.78151345346195e-19 1.85302965077038e-19
2467104.23331454 1.11435392463834e-19 1.09067658825495e-19 1.13803126102173e-19
3128329.55988436 6.81796910053533e-20 6.66111352973969e-20 6.97482467133096e-20
3966774.36773649 4.15963392710171e-20 4.05643293298234e-20 4.26283492122109e-20
5029936.45116879 2.52867639014643e-20 2.46149286265469e-20 2.59585991763816e-20
6378043.81024912 1.53020926713272e-20 1.48696615486073e-20 1.57345237940471e-20
8087466.55954362 9.20655196500486e-21 8.93067304298932e-21 9.4824308870204e-21
10255043.285628 5.49868322796416e-21 5.32305661767596e-21 5.67430983825235e-21
13003566.9409974 3.25373672134532e-21 3.14083428733389e-21 3.36663915535675e-21
16488741.0495845 1.90276819512724e-21 1.82837045106651e-21 1.97716593918796e-21
20908000.2920645 1.09621771848683e-21 1.04545856631064e-21 1.14697687066303e-21
26511695.1560098 6.19690873964808e-22 5.83983961775589e-22 6.55397786154027e-22
33617274.2599379 3.41990659014304e-22 3.16556808658721e-22 3.67424509369886e-22
42627267.7781488 1.8306966373956e-22 1.6514168401369e-22 2.0099764346543e-22
54052090.7251378 9.42830841522089e-23 8.20352400011996e-23 1.06530928303218e-22
68538957.9028144 4.62346784459032e-23 3.82679972253572e-23 5.42013596664493e-23
86908548.5386981 2.1306606033026e-23 1.6454480026629e-23 2.6158732039423e-23
110201497.662297 9.07486026014673e-24 6.35710263354439e-24 1.17926178867491e-23
139737347.950364 3.49762395252016e-24 2.12719634243957e-24 4.86805156260076e-24
177189301.655759 1.18763738911968e-24 5.81766838497744e-25 1.79350793974162e-24
