112606.251051226 6.1348871150305e-17 5.89315130034088e-17 6.37662292972011e-17
142786.615593472 3.80180555174037e-17 3.66446898583613e-17 3.9391421176446e-17
181055.824186555 2.35585508662982e-17 2.27826251707573e-17 2.43344765618391e-17
229581.822747338 1.4597415999786e-17 1.41614417333814e-17 1.50333902661907e-17
291113.603071291 9.04406674857426e-18 8.80030777665474e-18 9.28782572049379e-18
369136.932876502 5.60275034955797e-18 5.46691776536966e-18 5.73858293374627e-18
468071.824112259 3.47036417243033e-18 3.39467849096381e-18 3.54604985389685e-18
593522.926087366 2.1491563765356e-18 2.10674005911655e-18 2.19157269395464e-18
752597.028157849 1.33063367034622e-18 1.30650907729342e-18 1.35475826339901e-18
954305.65846188 8.23605166387098e-19 8.09525557077259e-19 8.37684775696936e-19
1210075.58587031 5.09582906855023e-19 5.01072708503107e-19 5.18093105206939e-19
1534396.14502492 3.15138684641864e-19 3.09799174305236e-19 3.20478194978492e-19
1945640.05534746 1.94770718164278e-19 1.91315272538725e-19 1.98226163789832e-19
2467104.23331454 1.2028450688899e-19 1.18004162035959e-19 1.22564851742022e-19
3128329.55988436 7.42112531164211e-20 7.26938963194368e-20 7.57286099134055e-20
3966774.36773649 4.57287912367841e-20 4.47193172914826e-20 4.67382651820855e-20
5029936.45116879 2.81335671806286e-20 2.74656434554014e-20 2.88014909058558e-20
6378043.81024912 1.72739415987054e-20 1.68355957074127e-20 1.77122874899981e-20
8087466.55954362 1.05792992535758e-20 1.02940973586638e-20 1.08645011484878e-20
10255043.285628 6.45841621271015e-21 6.27410747374628e-21 6.64272495167401e-21
13003566.9409974 3.92667168402852e-21 3.8077708194606e-21 4.04557254859643e-21
16488741.0495845 2.37507891060407e-21 2.29779839575522e-21 2.45235942545291e-21
20908000.2920645 1.42719942212973e-21 1.37593111458939e-21 1.47846772967007e-21
26511695.1560098 8.50513956501421e-22 8.15363978046176e-22 8.85663934956666e-22
33617274.2599379 5.01534597332919e-22 4.76530522458345e-22 5.26538672207493e-22
42627267.7781488 2.9182078273657e-22 2.73529306881203e-22 3.10112258591936e-22
54052090.7251378 1.66944379360113e-22 1.53418843916459e-22 1.80469914803767e-22
68538957.9028144 9.34749230044234e-23 8.35463933921506e-23 1.03403452616696e-22
86908548.5386981 5.09313227708035e-23 4.38055576880107e-23 5.80570878535963e-23
110201497.662297 2.68083293862439e-23 2.18709596819721e-23 3.17456990905157e-23
139737347.950364 1.35060358509372e-23 1.02420659998096e-23 1.67700057020647e-23
177189301.655759 6.43665062419039e-24 4.40395428614999e-24 8.46934696223079e-24
