112606.251051226 1.79335858761033e-16 1.75770822483136e-16 1.8290089503893e-16
142786.615593472 1.11469822314531e-16 1.09441240724644e-16 1.13498403904418e-16
181055.824186555 6.92822010097207e-17 6.81336363642914e-17 7.043076565515e-17
229581.822747338 4.30579473914137e-17 4.24105352962534e-17 4.37053594865739e-17
291113.603071291 2.6757373373101e-17 2.63935777887292e-17 2.71211689574728e-17
369136.932876502 1.6625741518247e-17 1.64213900047528e-17 1.68300930317412e-17
468071.824112259 1.03288473335257e-17 1.02135432549997e-17 1.04441514120517e-17
593522.926087366 6.41561215487769e-18 6.34977172814407e-18 6.48145258161132e-18
752597.028157849 3.98397937984229e-18 3.94556895990213e-18 4.02238979978246e-18
954305.65846188 2.47320463315079e-18 2.4501062938757e-18 2.49630297242588e-18
1210075.58587031 1.5347249612497e-18 1.52034838174949e-18 1.54910154074992e-18
1534396.14502492 9.51880378141344e-19 9.42649810256111e-19 9.61110946026577e-19
1945640.05534746 5.90006631264927e-19 5.83947677032657e-19 5.96065585497198e-19
2467104.23331454 3.65409463712566e-19 3.61385678817277e-19 3.69433248607855e-19
3128329.55988436 2.26077232711523e-19 2.23397151773873e-19 2.28757313649174e-19
3966774.36773649 1.39691026178969e-19 1.37911495397487e-19 1.41470556960451e-19
5029936.45116879 8.61714305429207e-20 8.49978253962475e-20 8.73450356895939e-20
6378043.81024912 5.30455646675476e-20 5.22781030127692e-20 5.38130263223259e-20
8087466.55954362 3.25673331569017e-20 3.20696431123383e-20 3.30650232014651e-20
10255043.285628 1.99275419715533e-20 1.96067260474363e-20 2.02483578956703e-20
13003566.9409974 1.21414891033732e-20 1.19347666338318e-20 1.23482115729145e-20
16488741.0495845 7.35766725823809e-21 7.22318637074623e-21 7.49214814572996e-21
20908000.2920645 4.42821247903137e-21 4.33869099623218e-21 4.51773396183057e-21
26511695.1560098 2.64203289313472e-21 2.58032182181009e-21 2.70374396445936e-21
33617274.2599379 1.55903813322628e-21 1.51489015628378e-21 1.60318611016878e-21
42627267.7781488 9.07193372488472e-22 8.74768254698502e-22 9.39618490278442e-22
54052090.7251378 5.18608113995076e-22 4.94597312922508e-22 5.42618915067644e-22
68538957.9028144 2.89874715011552e-22 2.72268694147014e-22 3.0748073587609e-22
86908548.5386981 1.57468921397336e-22 1.44874966304018e-22 1.70062876490654e-22
110201497.662297 8.25036323111427e-23 7.38246944797123e-23 9.11825701425731e-23
139737347.950364 4.1289101466721e-23 3.55955215459772e-23 4.69826813874648e-23
177189301.655759 1.94959390115393e-23 1.59864641682801e-23 2.30054138547984e-23
