112606.251051226 1.85850075511412e-16 1.82259460805869e-16 1.89440690216955e-16
142786.615593472 1.14985256810782e-16 1.12949153227315e-16 1.1702136039425e-16
181055.824186555 7.1140841675514e-17 6.99918555215385e-17 7.22898278294895e-17
229581.822747338 4.40141753752085e-17 4.33686349384703e-17 4.46597158119467e-17
291113.603071291 2.72308999723518e-17 2.68693439172582e-17 2.75924560274453e-17
369136.932876502 1.68471391892156e-17 1.66447472241012e-17 1.704953115433e-17
468071.824112259 1.0422782332538e-17 1.03090269632142e-17 1.05365377018619e-17
593522.926087366 6.44811420831636e-18 6.38345563104646e-18 6.51277278558627e-18
752597.028157849 3.98906449130624e-18 3.95154717291927e-18 4.02658180969322e-18
954305.65846188 2.46771957265424e-18 2.44529112316097e-18 2.49014802214751e-18
1210075.58587031 1.52652289869971e-18 1.51264014503107e-18 1.54040565236835e-18
1534396.14502492 9.44254346289046e-19 9.35377370135192e-19 9.531313224429e-19
1945640.05534746 5.8404587028092e-19 5.78230756598266e-19 5.89860983963574e-19
2467104.23331454 3.61218340372243e-19 3.57355478728171e-19 3.65081202016315e-19
3128329.55988436 2.23381953038966e-19 2.20802680026352e-19 2.25961226051581e-19
3966774.36773649 1.38124236679852e-19 1.36403778900141e-19 1.39844694459563e-19
5029936.45116879 8.53925684092656e-20 8.42504253708061e-20 8.65347114477251e-20
6378043.81024912 5.27812223567927e-20 5.20280322338153e-20 5.35344124797701e-20
8087466.55954362 3.2615470861769e-20 3.21222647006866e-20 3.31086770228515e-20
10255043.285628 2.01475312762473e-20 1.9826454120798e-20 2.04686084316967e-20
13003566.9409974 1.24404149055589e-20 1.22319152295592e-20 1.26489145815587e-20
16488741.0495845 7.677381215439e-21 7.54143032768861e-21 7.81333210318938e-21
20908000.2920645 4.73471273565176e-21 4.64473169716407e-21 4.82469377413945e-21
26511695.1560098 2.91740457576976e-21 2.85608276432091e-21 2.97872638721861e-21
33617274.2599379 1.79564716365653e-21 1.7520647262015e-21 1.83922960111156e-21
42627267.7781488 1.10366780079772e-21 1.07124660100576e-21 1.13608900058968e-21
54052090.7251378 6.7715187522949e-22 6.52110675210147e-22 7.02193075248832e-22
68538957.9028144 4.1453181015678e-22 3.94735474916921e-22 4.34328145396639e-22
86908548.5386981 2.53041723677395e-22 2.37236138946775e-22 2.68847308408015e-22
110201497.662297 1.53906597510752e-22 1.41281234500453e-22 1.66531960521052e-22
139737347.950364 9.31821222379488e-23 8.31505287002557e-23 1.03213715775642e-22
177189301.655759 5.60899346920288e-23 4.81892122215825e-23 6.39906571624752e-23
