112606.251051226 2.48781382764893e-16 2.44849247575107e-16 2.52713517954679e-16
142786.615593472 1.5380940848727e-16 1.51585135060212e-16 1.56033681914329e-16
181055.824186555 9.50925806525733e-17 9.38403314659979e-17 9.63448298391487e-17
229581.822747338 5.87907127820041e-17 5.80885244215181e-17 5.94929011424902e-17
291113.603071291 3.63470140373576e-17 3.59541781082154e-17 3.67398499664998e-17
369136.932876502 2.24711922647685e-17 2.22512149757606e-17 2.26911695537764e-17
468071.824112259 1.38924918209884e-17 1.37685116287177e-17 1.40164720132591e-17
593522.926087366 8.58874967903383e-18 8.51784660647184e-18 8.65965275159582e-18
752597.028157849 5.30975357768983e-18 5.26820651033941e-18 5.35130064504024e-18
954305.65846188 3.2825547009721e-18 3.25740636322226e-18 3.30770303872194e-18
1210075.58587031 2.02927514468676e-18 2.01351324398387e-18 2.04503704538965e-18
1534396.14502492 1.25446613615579e-18 1.24428707579748e-18 1.2646451965141e-18
1945640.05534746 7.75466522377373e-19 7.6875728805952e-19 7.82175756695226e-19
2467104.23331454 4.79346484203867e-19 4.74877778623837e-19 4.83815189783896e-19
3128329.55988436 2.9628775151817e-19 2.93303535906493e-19 2.99271967129847e-19
3966774.36773649 1.83125794298823e-19 1.81138058884618e-19 1.85113529713028e-19
5029936.45116879 1.13174718651794e-19 1.11858113196033e-19 1.14491324107555e-19
6378043.81024912 6.99364811491072e-20 6.9070469437341e-20 7.08024928608734e-20
8087466.55954362 4.32116026696462e-20 4.2645919496708e-20 4.37772858425843e-20
10255043.285628 2.66946195134104e-20 2.63270745968567e-20 2.7062164429964e-20
13003566.9409974 1.64874780937457e-20 1.62489971368372e-20 1.67259590506542e-20
16488741.0495845 1.01804499724489e-20 1.00247655332981e-20 1.03361344115997e-20
20908000.2920645 6.28391646032195e-21 6.18044044047698e-21 6.38739248016692e-21
26511695.1560098 3.87707764919478e-21 3.80600898355593e-21 3.94814631483364e-21
33617274.2599379 2.39077396887473e-21 2.33973211613755e-21 2.4418158216119e-21
42627267.7781488 1.47322173195455e-21 1.43482995575195e-21 1.51161350815714e-21
54052090.7251378 9.0700922328967e-22 8.77064209023082e-22 9.36954237556259e-22
68538957.9028144 5.57783703068801e-22 5.3391277227596e-22 5.81654633861641e-22
86908548.5386981 3.42530528179416e-22 3.23324522398972e-22 3.6173653395986e-22
110201497.662297 2.09964439321295e-22 1.94496233049159e-22 2.25432645593431e-22
139737347.950364 1.2840864961554e-22 1.15996955371129e-22 1.40820343859951e-22
177189301.655759 7.83028228771391e-23 6.84055742380784e-23 8.82000715161998e-23
