112606.251051226 5.94036106817074e-17 5.70631591809972e-17 6.17440621824176e-17
142786.615593472 3.69208888212133e-17 3.55854918141006e-17 3.8256285828326e-17
181055.824186555 2.29467870642037e-17 2.21889225020302e-17 2.37046516263772e-17
229581.822747338 1.42613124007424e-17 1.38334953887403e-17 1.46891294127444e-17
291113.603071291 8.86301980664377e-18 8.62267167387192e-18 9.10336793941563e-18
369136.932876502 5.5078796539811e-18 5.37330374525746e-18 5.64245556270475e-18
468071.824112259 3.42264955373802e-18 3.34732419337241e-18 3.49797491410363e-18
593522.926087366 2.12671388094069e-18 2.08434005232997e-18 2.16908770955142e-18
752597.028157849 1.32134410982279e-18 1.29718649783822e-18 1.34550172180737e-18
954305.65846188 8.20866209374042e-19 8.06760929402246e-19 8.34971489345839e-19
1210075.58587031 5.09876373156709e-19 5.0136160261391e-19 5.18391143699507e-19
1534396.14502492 3.16647691040131e-19 3.11315415972583e-19 3.21979966107678e-19
1945640.05534746 1.96600656042619e-19 1.93153456018008e-19 2.0004785606723e-19
2467104.23331454 1.22029054743287e-19 1.19752424349303e-19 1.24305685137272e-19
3128329.55988436 7.57140089754447e-20 7.41949760892564e-20 7.7233041861633e-20
3966774.36773649 4.69547624266554e-20 4.59396532647714e-20 4.79698715885394e-20
5029936.45116879 2.91016283077614e-20 2.8426057433154e-20 2.97771991823687e-20
6378043.81024912 1.80226205515193e-20 1.75762457246758e-20 1.84689953783628e-20
8087466.55954362 1.11504213019751e-20 1.08578894289682e-20 1.14429531749819e-20
10255043.285628 6.89005638285963e-21 6.69968358654926e-21 7.08042917917001e-21
13003566.9409974 4.25076615727812e-21 4.12723358073016e-21 4.37429873382608e-21
16488741.0495845 2.61722131339619e-21 2.53661629592634e-21 2.69782633086604e-21
20908000.2920645 1.6073445450606e-21 1.55373139361751e-21 1.6609576965037e-21
26511695.1560098 9.83958388831868e-22 9.47008114610025e-22 1.02090866305371e-21
33617274.2599379 5.99885371768737e-22 5.73208355159192e-22 6.26562388378282e-22
42627267.7781488 3.63837570494996e-22 3.43719336128903e-22 3.83955804861088e-22
54052090.7251378 2.19225415022197e-22 2.03613206533475e-22 2.34837623510919e-22
68538957.9028144 1.30994455117243e-22 1.18748324776296e-22 1.4324058545819e-22
86908548.5386981 7.74502808532369e-23 6.78786324942646e-23 8.70219292122092e-23
110201497.662297 4.51825190064236e-23 3.78007151252962e-23 5.2564322887551e-23
139737347.950364 2.59140132327753e-23 2.03356225451682e-23 3.14924039203824e-23
177189301.655759 1.45457755681311e-23 1.04390199971035e-23 1.86525311391587e-23
