112606.251051226 2.40004898309398e-16 2.37011884174504e-16 2.42997912444293e-16
142786.615593472 1.49120002170665e-16 1.47433402128631e-16 1.50806602212698e-16
181055.824186555 9.26368356437319e-17 9.1689348431665e-17 9.35843228557987e-17
229581.822747338 5.75367484586448e-17 5.70046301213156e-17 5.8068866795974e-17
291113.603071291 3.57270869567677e-17 3.54268546315146e-17 3.60273192820209e-17
369136.932876502 2.21774337075343e-17 2.20059571006917e-17 2.23489103143768e-17
468071.824112259 1.37609752516131e-17 1.36608800063354e-17 1.38610704968908e-17
593522.926087366 8.53422862241433e-18 8.47398273646698e-18 8.59447450836168e-18
752597.028157849 5.28928216349433e-18 5.25174955678947e-18 5.32681477019919e-18
954305.65846188 3.27544914767624e-18 3.2513353520292e-18 3.29956294332327e-18
1210075.58587031 2.02623871700737e-18 2.0104086895401e-18 2.04206874447464e-18
1534396.14502492 1.25179784513811e-18 1.24129105040528e-18 1.26230463987093e-18
1945640.05534746 7.72053171807148e-19 7.65064279451759e-19 7.79042064162537e-19
2467104.23331454 4.75153396434915e-19 4.70522976887674e-19 4.79783815982156e-19
3128329.55988436 2.91639128789071e-19 2.88595210055951e-19 2.94683047522192e-19
3966774.36773649 1.7838907037196e-19 1.76407794517113e-19 1.80370346226806e-19
5029936.45116879 1.08643056715159e-19 1.07366827966199e-19 1.0991928546412e-19
6378043.81024912 6.58022564094082e-20 6.49876435344699e-20 6.66168692843465e-20
8087466.55954362 3.95769928574941e-20 3.90597028620551e-20 4.00942828529331e-20
10255043.285628 2.35935928671472e-20 2.32642799180696e-20 2.39229058162247e-20
13003566.9409974 1.39079331440998e-20 1.36953660943479e-20 1.41205001938517e-20
16488741.0495845 8.08238747874902e-21 7.94167598007301e-21 8.22309897742502e-21
20908000.2920645 4.61281342962664e-21 4.51692423927524e-21 4.70870261997804e-21
26511695.1560098 2.57298409425488e-21 2.50632275164074e-21 2.63964543686903e-21
33617274.2599379 1.39407196496233e-21 1.34768262714488e-21 1.44046130277977e-21
42627267.7781488 7.27992588139216e-22 6.96365794201679e-22 7.59619382076754e-22
54052090.7251378 3.6280430312027e-22 3.42097317738348e-22 3.83511288502192e-22
68538957.9028144 1.70404814952845e-22 1.57623070847766e-22 1.83186559057924e-22
86908548.5386981 7.42433508879355e-23 6.69437592437617e-23 8.15429425321093e-23
110201497.662297 2.94071645366971e-23 2.56316030981206e-23 3.31827259752736e-23
139737347.950364 1.03223375283728e-23 8.59872990090915e-24 1.20459451558364e-23
177189301.655759 3.10863158355024e-24 2.43613313416704e-24 3.78113003293344e-24
