112606.251051226 1.22699317365932e-16 1.19635645043247e-16 1.25762989688617e-16
142786.615593472 7.60418154755441e-17 7.43046350803648e-17 7.77789958707233e-17
181055.824186555 4.71246201600549e-17 4.61449380422261e-17 4.81043022778836e-17
229581.822747338 2.92027868271699e-17 2.86531313635998e-17 2.975244229074e-17
291113.603071291 1.80957548751362e-17 1.7788633297243e-17 1.84028764530293e-17
369136.932876502 1.12124015253477e-17 1.10410987772123e-17 1.1383704273483e-17
468071.824112259 6.94675437646719e-18 6.8509477755079e-18 7.04256097742647e-18
593522.926087366 4.30344497471595e-18 4.24931707496526e-18 4.35757287446664e-18
752597.028157849 2.66555988779021e-18 2.63434881542744e-18 2.69677096015298e-18
954305.65846188 1.65075212160585e-18 1.63218495671054e-18 1.66931928650116e-18
1210075.58587031 1.02205767010335e-18 1.01058912228107e-18 1.03352621792562e-18
1534396.14502492 6.3261908147049e-19 6.2527868978638e-19 6.399594731546e-19
1945640.05534746 3.91425013890781e-19 3.86601934572974e-19 3.96248093208588e-19
2467104.23331454 2.42075715564404e-19 2.38860169595949e-19 2.45291261532859e-19
3128329.55988436 1.49622068410723e-19 1.47468213689867e-19 1.51775923131578e-19
3966774.36773649 9.24086570051865e-20 9.09689325288611e-20 9.3848381481512e-20
5029936.45116879 5.70183285052788e-20 5.60617332784499e-20 5.79749237321077e-20
6378043.81024912 3.51390364363176e-20 3.45084238159037e-20 3.57696490567315e-20
8087466.55954362 2.16220894151527e-20 2.12096761182384e-20 2.20345027120671e-20
10255043.285628 1.32788051299232e-20 1.30107660421646e-20 1.35468442176817e-20
13003566.9409974 8.13480216157746e-21 7.96093120110781e-21 8.30867312204711e-21
16488741.0495845 4.96791296948158e-21 4.85445732256524e-21 5.08136861639792e-21
20908000.2920645 3.02186580284627e-21 2.94652071565696e-21 3.09721089003557e-21
26511695.1560098 1.82889191420627e-21 1.77730907725469e-21 1.88047475115785e-21
33617274.2599379 1.09983128139141e-21 1.06314372529838e-21 1.13651883748443e-21
42627267.7781488 6.56063013528113e-22 6.29043859384589e-22 6.83082167671637e-22
54052090.7251378 3.87349921318425e-22 3.67010924642712e-22 4.07688917994138e-22
68538957.9028144 2.25737673667825e-22 2.10337361583996e-22 2.41137985751654e-22
86908548.5386981 1.29399026887951e-22 1.1783349976105e-22 1.40964554014852e-22
110201497.662297 7.26376391639459e-23 6.41175197174134e-23 8.11577586104785e-23
139737347.950364 3.97061909317931e-23 3.36049614765923e-23 4.5807420386994e-23
177189301.655759 2.0985975836845e-23 1.67756245188738e-23 2.51963271548162e-23
