112606.251051226 6.48660564942747e-17 6.23118524833462e-17 6.74202605052033e-17
142786.615593472 3.9834414821547e-17 3.83927880207262e-17 4.12760416223677e-17
181055.824186555 2.44624162710266e-17 2.36528902001313e-17 2.5271942341922e-17
229581.822747338 1.50224310089693e-17 1.45701248159661e-17 1.54747372019725e-17
291113.603071291 9.22531125169098e-18 8.97370421576213e-18 9.47691828761982e-18
369136.932876502 5.66528503971192e-18 5.52572355818188e-18 5.80484652124197e-18
468071.824112259 3.47906395717985e-18 3.40163688042677e-18 3.55649103393294e-18
593522.926087366 2.13650023322955e-18 2.09330488908803e-18 2.17969557737108e-18
752597.028157849 1.31202868587781e-18 1.28759753763983e-18 1.33645983411579e-18
954305.65846188 8.05718862967463e-19 7.91566646162237e-19 8.19871079772689e-19
1210075.58587031 4.94792943304172e-19 4.86321083263306e-19 5.03264803345037e-19
1534396.14502492 3.03852745877507e-19 2.98594771344289e-19 3.09110720410726e-19
1945640.05534746 1.86596054316197e-19 1.83228230503876e-19 1.89963878128517e-19
2467104.23331454 1.14588561670728e-19 1.12384128766915e-19 1.16792994574542e-19
3128329.55988436 7.03686911414397e-20 6.89095911567005e-20 7.18277911261788e-20
3966774.36773649 4.32132478608605e-20 4.22447581398642e-20 4.41817375818567e-20
5029936.45116879 2.65370943250778e-20 2.58959769310155e-20 2.71782117191402e-20
6378043.81024912 1.62962842055809e-20 1.58743478003394e-20 1.67182206108224e-20
8087466.55954362 1.00074226709367e-20 9.73172680077403e-21 1.02831185410993e-20
10255043.285628 6.14545306267772e-21 5.96657244410885e-21 6.32433368124659e-21
13003566.9409974 3.77383619980679e-21 3.65835599849867e-21 3.88931640111491e-21
16488741.0495845 2.31744260439875e-21 2.24292101555302e-21 2.39196419324448e-21
20908000.2920645 1.42308509833412e-21 1.37459777418236e-21 1.47157242248588e-21
26511695.1560098 8.73871571425198e-22 8.41636681704833e-22 9.06106461145562e-22
33617274.2599379 5.36608847329872e-22 5.14366784420242e-22 5.58850910239503e-22
42627267.7781488 3.29503305470841e-22 3.13401828634163e-22 3.4560478230752e-22
54052090.7251378 2.02325785437851e-22 1.90112125228415e-22 2.14539445647287e-22
68538957.9028144 1.24230832658212e-22 1.14640162691019e-22 1.33821502625404e-22
86908548.5386981 7.62764890734859e-23 6.85958671629387e-23 8.39571109840331e-23
110201497.662297 4.68306959060457e-23 4.06298813527262e-23 5.30315104593652e-23
139737347.950364 2.87503685081914e-23 2.37389648180525e-23 3.37617721983303e-23
177189301.655759 1.76490706092676e-23 1.3609041474664e-23 2.16890997438713e-23
