112606.251051226 6.5392628810888e-17 6.28230076756646e-17 6.79622499461114e-17
142786.615593472 4.02316979548037e-17 3.87798503361201e-17 4.16835455734872e-17
181055.824186555 2.47518629979267e-17 2.39358129135833e-17 2.55679130822702e-17
229581.822747338 1.52281581482762e-17 1.4771802360018e-17 1.56845139365344e-17
291113.603071291 9.3688612630227e-18 9.11478730961382e-18 9.62293521643157e-18
369136.932876502 5.76402911209287e-18 5.6229759100419e-18 5.90508231414383e-18
468071.824112259 3.54621802208991e-18 3.4678810339259e-18 3.62455501025391e-18
593522.926087366 2.18174798930543e-18 2.13798087789507e-18 2.22551510071579e-18
752597.028157849 1.34228145554636e-18 1.31747268108739e-18 1.36709023000533e-18
954305.65846188 8.25814322543641e-19 8.11398211182101e-19 8.40230433905181e-19
1210075.58587031 5.08067010699539e-19 4.99402818588911e-19 5.16731202810166e-19
1534396.14502492 3.12578631011098e-19 3.07178327772412e-19 3.17978934249783e-19
1945640.05534746 1.92307930998066e-19 1.88835581317248e-19 1.95780280678885e-19
2467104.23331454 1.18313588626063e-19 1.16033857648938e-19 1.20593319603188e-19
3128329.55988436 7.27899552401665e-20 7.12778057539932e-20 7.43021047263398e-20
3966774.36773649 4.47824147305877e-20 4.37773296338498e-20 4.57874998273255e-20
5029936.45116879 2.75513311673973e-20 2.68854245908633e-20 2.82172377439314e-20
6378043.81024912 1.69502625241296e-20 1.65117662025898e-20 1.73887588456693e-20
8087466.55954362 1.04281843876374e-20 1.0141501133386e-20 1.07148676418889e-20
10255043.285628 6.41562519990825e-21 6.22941281369173e-21 6.60183758612476e-21
13003566.9409974 3.94699652952032e-21 3.8264916658514e-21 4.06750139318924e-21
16488741.0495845 2.42823830225082e-21 2.35007642813544e-21 2.50640017636621e-21
20908000.2920645 1.4938665721717e-21 1.44251962881222e-21 1.54521351553119e-21
26511695.1560098 9.19024669544363e-22 8.84352717929711e-22 9.53696621159016e-22
33617274.2599379 5.65374226888949e-22 5.40949639399403e-22 5.89798814378496e-22
42627267.7781488 3.47805602676385e-22 3.29736031238299e-22 3.65875174114471e-22
54052090.7251378 2.13957075414134e-22 2.00004496546488e-22 2.27909654281781e-22
68538957.9028144 1.31614407754496e-22 1.20528436347225e-22 1.42700379161768e-22
86908548.5386981 8.09586676629356e-23 7.20214118856092e-23 8.98959234402619e-23
110201497.662297 4.9796852012981e-23 4.25573817667399e-23 5.70363222592221e-23
139737347.950364 3.06276244402345e-23 2.47675849813432e-23 3.64876638991258e-23
177189301.655759 1.88360726985181e-23 1.41082754435573e-23 2.35638699534789e-23
