112606.251051226 1.25653013476508e-16 1.22331384216184e-16 1.28974642736831e-16
142786.615593472 7.77147063417066e-17 7.58450537499773e-17 7.95843589334359e-17
181055.824186555 4.8058936149124e-17 4.7012942591064e-17 4.91049297071841e-17
229581.822747338 2.97145957977e-17 2.91327199525802e-17 3.02964716428199e-17
291113.603071291 1.83683463386628e-17 1.80460473186996e-17 1.86906453586261e-17
369136.932876502 1.13513958912346e-17 1.11730940891165e-17 1.15296976933527e-17
468071.824112259 7.01253470930949e-18 6.91344041972552e-18 7.11162899889347e-18
593522.926087366 4.33018240236606e-18 4.27433613927025e-18 4.38602866546188e-18
752597.028157849 2.67233326980037e-18 2.6400329860072e-18 2.70463355359353e-18
954305.65846188 1.6480188585895e-18 1.62864331280404e-18 1.66739440437497e-18
1210075.58587031 1.01539965655137e-18 1.00330996462907e-18 1.02748934847368e-18
1534396.14502492 6.24897511519532e-19 6.17105312408154e-19 6.3268971063091e-19
1945640.05534746 3.84010146664666e-19 3.7888797574471e-19 3.89132317584622e-19
2467104.23331454 2.35541677618128e-19 2.32150522222864e-19 2.38932833013392e-19
3128329.55988436 1.44134254007984e-19 1.41893915782355e-19 1.46374592233614e-19
3966774.36773649 8.7935884804579e-20 8.64674339002838e-20 8.94043357088742e-20
5029936.45116879 5.34460982124005e-20 5.24938796281759e-20 5.43983167966252e-20
6378043.81024912 3.23277017180898e-20 3.17170711560443e-20 3.29383322801353e-20
8087466.55954362 1.94348940744983e-20 1.90466847553961e-20 1.98231033936004e-20
10255043.285628 1.15938428123482e-20 1.13475744861721e-20 1.18401111385243e-20
13003566.9409974 6.84872008451308e-21 6.69105343496376e-21 7.0063867340624e-21
16488741.0495845 3.99563297333787e-21 3.89229534897066e-21 4.09897059770507e-21
20908000.2920645 2.29460042171575e-21 2.22459351002975e-21 2.36460733340174e-21
26511695.1560098 1.29162572475266e-21 1.24279873504269e-21 1.34045271446262e-21
33617274.2599379 7.0883454418015e-22 6.74388688264733e-22 7.43280400095566e-22
42627267.7781488 3.76684461442143e-22 3.52661076226572e-22 4.00707846657714e-22
54052090.7251378 1.92171752219312e-22 1.75956474468982e-22 2.08387029969642e-22
68538957.9028144 9.30959709740858e-23 8.26971694870875e-23 1.03494772461084e-22
86908548.5386981 4.22356555925736e-23 3.60101417800553e-23 4.84611694050919e-23
110201497.662297 1.76318553601189e-23 1.42181139106339e-23 2.10455968096039e-23
139737347.950364 6.62374914860923e-24 4.94748734834087e-24 8.30001094887758e-24
177189301.655759 2.17679833770536e-24 1.46008672565135e-24 2.89350994975938e-24
