112606.251051226 1.85605609122876e-16 1.82037874555858e-16 1.89173343689895e-16
142786.615593472 1.14716908938025e-16 1.12700293216416e-16 1.16733524659634e-16
181055.824186555 7.09009304245872e-17 6.97667449136108e-17 7.20351159355636e-17
229581.822747338 4.3818894556392e-17 4.31837950722437e-17 4.44539940405403e-17
291113.603071291 2.70801995504823e-17 2.67255822863848e-17 2.74348168145799e-17
369136.932876502 1.67347088455587e-17 1.65366635035122e-17 1.69327541876052e-17
468071.824112259 1.0340793083616e-17 1.02295764170783e-17 1.04520097501538e-17
593522.926087366 6.38926229466189e-18 6.32595103240679e-18 6.45257355691699e-18
752597.028157849 3.94728391255215e-18 3.91038252997473e-18 3.98418529512957e-18
954305.65846188 2.43828011918783e-18 2.41606322724094e-18 2.46049701113472e-18
1210075.58587031 1.50587765222581e-18 1.49201718243334e-18 1.51973812201828e-18
1534396.14502492 9.29812595746023e-19 9.2089292229608e-19 9.38732269195967e-19
1945640.05534746 5.7394980354447e-19 5.68086233126846e-19 5.79813373962093e-19
2467104.23331454 3.54153095801035e-19 3.50256672830074e-19 3.58049518771996e-19
3128329.55988436 2.18425617361753e-19 2.15830014475973e-19 2.21021220247533e-19
3966774.36773649 1.34634593387712e-19 1.32910872063888e-19 1.36358314711536e-19
5029936.45116879 8.29241029703946e-20 8.17865753152781e-20 8.40616306255112e-20
6378043.81024912 5.10255576119992e-20 5.02806191324969e-20 5.17704960915016e-20
8087466.55954362 3.13592591094926e-20 3.08750351285695e-20 3.18434830904156e-20
10255043.285628 1.92430150257818e-20 1.89299082657591e-20 1.95561217858045e-20
13003566.9409974 1.17850105203713e-20 1.15825955539924e-20 1.19874254867502e-20
16488741.0495845 7.19960085856099e-21 7.06759354408549e-21 7.33160817303649e-21
20908000.2920645 4.38449342933727e-21 4.29651034914038e-21 4.47247650953417e-21
26511695.1560098 2.65947852399101e-21 2.59873208971649e-21 2.72022495826553e-21
33617274.2599379 1.60499944798592e-21 1.5612612170045e-21 1.64873767896735e-21
42627267.7781488 9.62421561025785e-22 9.29758212795947e-22 9.95084909255623e-22
54052090.7251378 5.72427700463829e-22 5.47489899825562e-22 5.97365501102096e-22
68538957.9028144 3.36971598975187e-22 3.17813778554233e-22 3.56129419396142e-22
86908548.5386981 1.95786116581943e-22 1.81166748925343e-22 2.10405484238542e-22
110201497.662297 1.11882715306255e-22 1.00905545887681e-22 1.2285988472483e-22
139737347.950364 6.26044043413908e-23 5.45541947665975e-23 7.06546139161842e-23
177189301.655759 3.41081448679855e-23 2.8381421239675e-23 3.9834868496296e-23
