112606.251051226 1.8035223194189e-16 1.76875687116718e-16 1.83828776767062e-16
142786.615593472 1.11741857789629e-16 1.09768867515869e-16 1.13714848063389e-16
181055.824186555 6.92316094673968e-17 6.81173290808291e-17 7.03458898539645e-17
229581.822747338 4.28929169200576e-17 4.2266308913224e-17 4.35195249268913e-17
291113.603071291 2.65740267299545e-17 2.62226842754944e-17 2.69253691844146e-17
369136.932876502 1.64633145554967e-17 1.62663432598024e-17 1.66602858511909e-17
468071.824112259 1.01991064271782e-17 1.00881573738354e-17 1.0310055480521e-17
593522.926087366 6.31812004916751e-18 6.25486010716592e-18 6.38137999116909e-18
752597.028157849 3.91371689792444e-18 3.87685800273977e-18 3.95057579310911e-18
954305.65846188 2.42415416095592e-18 2.40201112381327e-18 2.44629719809856e-18
1210075.58587031 1.50138518409803e-18 1.48761244280565e-18 1.51515792539042e-18
1534396.14502492 9.29768107466134e-19 9.20926589317881e-19 9.38609625614388e-19
1945640.05534746 5.75697786985554e-19 5.69890726869297e-19 5.81504847101812e-19
2467104.23331454 3.56397863208292e-19 3.52535265485887e-19 3.60260460930698e-19
3128329.55988436 2.20584485490584e-19 2.18004642373189e-19 2.2316432860798e-19
3966774.36773649 1.3648571460313e-19 1.34765654554613e-19 1.38205774651647e-19
5029936.45116879 8.44184911011856e-20 8.32777114886858e-20 8.55592707136854e-20
6378043.81024912 5.21894533617549e-20 5.14381199277273e-20 5.29407867957824e-20
8087466.55954362 3.22453936024927e-20 3.17540605947052e-20 3.27367266102802e-20
10255043.285628 1.99077713118242e-20 1.9588231588272e-20 2.02273110353764e-20
13003566.9409974 1.22788923410338e-20 1.2071381626365e-20 1.24864030557026e-20
16488741.0495845 7.56423802021547e-21 7.42864258307189e-21 7.69983345735904e-21
20908000.2920645 4.65262906630353e-21 4.5624044953601e-21 4.74285363724696e-21
26511695.1560098 2.85613422347937e-21 2.79411730132241e-21 2.91815114563633e-21
33617274.2599379 1.74894882791816e-21 1.70444880966693e-21 1.79344884616938e-21
42627267.7781488 1.06758874370571e-21 1.03426728679148e-21 1.10091020061995e-21
54052090.7251378 6.49070169174698e-22 6.23323093667448e-22 6.74817244681947e-22
68538957.9028144 3.92621387554791e-22 3.72401558902679e-22 4.12841216206903e-22
86908548.5386981 2.3597164722927e-22 2.20041492262844e-22 2.51901802195696e-22
110201497.662297 1.40669443906871e-22 1.28192793116708e-22 1.53146094697035e-22
139737347.950364 8.29933749448457e-23 7.33382094420789e-23 9.26485404476125e-23
177189301.655759 4.83265405931586e-23 4.09772807479721e-23 5.5675800438345e-23
