112606.251051226 6.45916656800028e-17 6.19182103173649e-17 6.72651210426407e-17
142786.615593472 3.99532842576928e-17 3.84457143347366e-17 4.14608541806489e-17
181055.824186555 2.47095986696106e-17 2.38647885066448e-17 2.55544088325764e-17
229581.822747338 1.5279152788538e-17 1.48086515589259e-17 1.57496540181501e-17
291113.603071291 9.44565090443884e-18 9.18501057106848e-18 9.70629123780919e-18
369136.932876502 5.83762888575624e-18 5.69369858622011e-18 5.98155918529237e-18
468071.824112259 3.60644019936096e-18 3.52685205206816e-18 3.68602834665376e-18
593522.926087366 2.2269739682282e-18 2.18255716258889e-18 2.27139077386751e-18
752597.028157849 1.37432841891609e-18 1.34902449617985e-18 1.39963234165232e-18
954305.65846188 8.47490693578845e-19 8.32594711547151e-19 8.62386675610539e-19
1210075.58587031 5.22107179939803e-19 5.12981969370906e-19 5.31232390508699e-19
1534396.14502492 3.21256725434842e-19 3.1545741837857e-19 3.27056032491115e-19
1945640.05534746 1.97364935374956e-19 1.9358502776206e-19 2.01144842987851e-19
2467104.23331454 1.21013024301644e-19 1.1852048650679e-19 1.23505562096499e-19
3128329.55988436 7.40132122940855e-20 7.23686053334836e-20 7.56578192546874e-20
3966774.36773649 4.51243148671078e-20 4.40463195384089e-20 4.62023101958068e-20
5029936.45116879 2.74010677598802e-20 2.67017839581512e-20 2.81003515616093e-20
6378043.81024912 1.65543561774381e-20 1.6105824817838e-20 1.70028875370381e-20
8087466.55954362 9.93692879440034e-21 9.65179069233589e-21 1.02220668964648e-20
10255043.285628 5.91609811093512e-21 5.73524303696613e-21 6.09695318490411e-21
13003566.9409974 3.4858493272243e-21 3.37003855526061e-21 3.60166009918798e-21
16488741.0495845 2.02704396012164e-21 1.9510691322546e-21 2.10301878798867e-21
20908000.2920645 1.15922124447263e-21 1.10768604130358e-21 1.21075644764168e-21
26511695.1560098 6.49044702678725e-22 6.13089441655804e-22 6.84999963701647e-22
33617274.2599379 3.53772130955911e-22 3.28457427313875e-22 3.79086834597947e-22
42627267.7781488 1.86375351414974e-22 1.68809771332013e-22 2.03940931497935e-22
54052090.7251378 9.40387359194885e-23 8.22829345342885e-23 1.05794537304689e-22
68538957.9028144 4.49214896444013e-23 3.74746409655831e-23 5.23683383232195e-23
86908548.5386981 2.0019792185857e-23 1.56349820249884e-23 2.44046023467257e-23
110201497.662297 8.17042185328122e-24 5.81779504067866e-24 1.05230486658838e-23
139737347.950364 2.9823949874158e-24 1.85918510206096e-24 4.10560487277063e-24
177189301.655759 9.45001238250841e-25 4.81734907434058e-25 1.40826756906762e-24
