112606.251051226 6.14262181503419e-17 5.89067494822203e-17 6.39456868184634e-17
142786.615593472 3.79544730687068e-17 3.65250508103877e-17 3.9383895327026e-17
181055.824186555 2.34509775157344e-17 2.26443284738258e-17 2.4257626557643e-17
229581.822747338 1.44892106503539e-17 1.40364260491127e-17 1.49419952515952e-17
291113.603071291 8.95180239561331e-18 8.69886974898093e-18 9.20473504224569e-18
369136.932876502 5.530360006021e-18 5.38954814429011e-18 5.67117186775189e-18
468071.824112259 3.41638929752911e-18 3.33803201147043e-18 3.49474658358779e-18
593522.926087366 2.11030181178533e-18 2.06648528190826e-18 2.15411834166241e-18
752597.028157849 1.3033924955646e-18 1.27856590956145e-18 1.32821908156774e-18
954305.65846188 8.04909036211844e-19 7.90504346076455e-19 8.19313726347232e-19
1210075.58587031 4.96985254901982e-19 4.88344355206106e-19 5.05626154597857e-19
1534396.14502492 3.06792859942411e-19 3.01414261209583e-19 3.1217145867524e-19
1945640.05534746 1.89333117307455e-19 1.85875489177772e-19 1.92790745437138e-19
2467104.23331454 1.16803335610877e-19 1.14531572124082e-19 1.19075099097672e-19
3128329.55988436 7.20261676121878e-20 7.05175449275546e-20 7.35347902968209e-20
3966774.36773649 4.43894622698856e-20 4.33857015918761e-20 4.53932229478951e-20
5029936.45116879 2.73374613032263e-20 2.66721219792826e-20 2.80028006271701e-20
6378043.81024912 1.68206111419169e-20 1.63826081590597e-20 1.72586141247742e-20
8087466.55954362 1.03377223735555e-20 1.00516358340242e-20 1.06238089130868e-20
10255043.285628 6.34414822577382e-21 6.15855412286651e-21 6.52974232868113e-21
13003566.9409974 3.88612751952115e-21 3.76609656982468e-21 4.00615846921761e-21
16488741.0495845 2.3748728452147e-21 2.29689980282472e-21 2.45284588760469e-21
20908000.2920645 1.44700414987513e-21 1.3955111586118e-21 1.49849714113847e-21
26511695.1560098 8.78331595418697e-22 8.43251603015306e-22 9.13411587822088e-22
33617274.2599379 5.30599476226648e-22 5.0568444618899e-22 5.55514506264306e-22
42627267.7781488 3.18593656355826e-22 3.00165000281798e-22 3.37022312429854e-22
54052090.7251378 1.8982892910459e-22 1.7581150169987e-22 2.03846356509311e-22
68538957.9028144 1.12007244324512e-22 1.01225204349593e-22 1.22789284299431e-22
86908548.5386981 6.52756882713435e-23 5.70100689715988e-23 7.35413075710881e-23
110201497.662297 3.74487172784936e-23 3.12008222122597e-23 4.36966123447276e-23
139737347.950364 2.10607937869959e-23 1.64414116791914e-23 2.56801758948004e-23
177189301.655759 1.15490722887324e-23 8.23167446731471e-24 1.48664701101502e-23
