112606.251051226 1.79634247276245e-16 1.75976735962464e-16 1.83291758590025e-16
142786.615593472 1.11546720787363e-16 1.09481054934717e-16 1.13612386640009e-16
181055.824186555 6.92567107104683e-17 6.80968757842127e-17 7.04165456367238e-17
229581.822747338 4.29919869797233e-17 4.2344144679882e-17 4.36398292795646e-17
291113.603071291 2.66816385552987e-17 2.63210279517935e-17 2.70422491588038e-17
369136.932876502 1.65542616576387e-17 1.63534943253529e-17 1.67550289899245e-17
468071.824112259 1.02670401089092e-17 1.01545089191158e-17 1.03795712987026e-17
593522.926087366 6.36466340572251e-18 6.30053160675995e-18 6.42879520468506e-18
752597.028157849 3.94316862131594e-18 3.90556977957184e-18 3.98076746306004e-18
954305.65846188 2.44109805825893e-18 2.4182212196279e-18 2.46397489688996e-18
1210075.58587031 1.50975548179366e-18 1.49530273903383e-18 1.52420822455349e-18
1534396.14502492 9.32604179790423e-19 9.23203792459689e-19 9.42004567121157e-19
1945640.05534746 5.75195169279981e-19 5.68979492471243e-19 5.81410846088719e-19
2467104.23331454 3.54062467820159e-19 3.49932424573934e-19 3.58192511066384e-19
3128329.55988436 2.174015664765e-19 2.1466655439558e-19 2.20136578557419e-19
3966774.36773649 1.3306799021627e-19 1.31271888500943e-19 1.34864091931597e-19
5029936.45116879 8.11231861239992e-20 7.99562805688861e-20 8.22900916791123e-20
6378043.81024912 4.92051603918071e-20 4.84551428136148e-20 4.99551779699993e-20
8087466.55954362 2.96537333004396e-20 2.91754581543529e-20 3.01320084465264e-20
10255043.285628 1.77256248038718e-20 1.7420966645588e-20 1.80302829621556e-20
13003566.9409974 1.04864053713855e-20 1.02903241782995e-20 1.06824865644714e-20
16488741.0495845 6.12278983065898e-21 5.99354135785185e-21 6.2520383034661e-21
20908000.2920645 3.51593914150121e-21 3.42799147748903e-21 3.60388680551339e-21
26511695.1560098 1.97680886721722e-21 1.91537868383506e-21 2.03823905059937e-21
33617274.2599379 1.08208652792607e-21 1.03883752434357e-21 1.12533553150857e-21
42627267.7781488 5.72555128377988e-22 5.4254979335911e-22 6.02560463396866e-22
54052090.7251378 2.90188058223544e-22 2.70099150866797e-22 3.1027696558029e-22
68538957.9028144 1.39263918311917e-22 1.26523420666875e-22 1.52004415956959e-22
86908548.5386981 6.23651092692452e-23 5.48483534203039e-23 6.98818651181864e-23
110201497.662297 2.55819271075439e-23 2.15376559374226e-23 2.96261982776652e-23
139737347.950364 9.38855587660082e-24 7.45086486711127e-24 1.13262468860904e-23
177189301.655759 2.99216897167069e-24 2.18953197318962e-24 3.79480597015175e-24
