112606.251051226 2.47972526018884e-16 2.43867608970001e-16 2.52077443067767e-16
142786.615593472 1.53395274747652e-16 1.51087046779844e-16 1.5570350271546e-16
181055.824186555 9.48787459306041e-17 9.35878836937966e-17 9.61696081674115e-17
229581.822747338 5.86760183642655e-17 5.79573672841527e-17 5.93946694443783e-17
291113.603071291 3.628019333844e-17 3.58810160729429e-17 3.66793706039371e-17
369136.932876502 2.24271263600403e-17 2.22049400141478e-17 2.26493127059329e-17
468071.824112259 1.3859406318575e-17 1.37345646118493e-17 1.39842480253006e-17
593522.926087366 8.56144217184698e-18 8.48989725888355e-18 8.6329870848104e-18
752597.028157849 5.28609930346992e-18 5.24381830350742e-18 5.32838030343242e-18
954305.65846188 3.26176347456768e-18 3.23582602588929e-18 3.28770092324606e-18
1210075.58587031 2.01106298848244e-18 1.99457992811021e-18 2.02754604885468e-18
1534396.14502492 1.23869036758022e-18 1.22794367873014e-18 1.2494370564303e-18
1945640.05534746 7.61985730629852e-19 7.54884262742641e-19 7.69087198517064e-19
2467104.23331454 4.67982585192961e-19 4.63275521411982e-19 4.7268964897394e-19
3128329.55988436 2.86829212996747e-19 2.83721973343117e-19 2.89936452650378e-19
3966774.36773649 1.75343469201664e-19 1.73309307164462e-19 1.77377631238866e-19
5029936.45116879 1.06838098690561e-19 1.05519968746203e-19 1.08156228634918e-19
6378043.81024912 6.48260972247152e-20 6.39803924626623e-20 6.56718019867682e-20
8087466.55954362 3.91268515645696e-20 3.85879776594447e-20 3.96657254696944e-20
10255043.285628 2.34576844734638e-20 2.31142974612718e-20 2.38010714856558e-20
13003566.9409974 1.39443853730836e-20 1.37229892344317e-20 1.41657815117355e-20
16488741.0495845 8.20024864732433e-21 8.05377087781082e-21 8.34672641683784e-21
20908000.2920645 4.75676820500617e-21 4.65642117615839e-21 4.85711523385395e-21
26511695.1560098 2.71182426716512e-21 2.64094601488393e-21 2.78270251944631e-21
33617274.2599379 1.51236307460949e-21 1.46161551681196e-21 1.56311063240701e-21
42627267.7781488 8.20228107630269e-22 7.84179030737517e-22 8.56277184523021e-22
54052090.7251378 4.29388110401454e-22 4.04473944719594e-22 4.54302276083314e-22
68538957.9028144 2.14923828065543e-22 1.98449440169272e-22 2.31398215961814e-22
86908548.5386981 1.01628875426717e-22 9.13676164757742e-23 1.1189013437766e-22
110201497.662297 4.47123115037618e-23 3.87915533908338e-23 5.06330696166899e-23
139737347.950364 1.79522796735996e-23 1.48490603176696e-23 2.10554990295296e-23
177189301.655759 6.41873738940825e-24 4.97674826498565e-24 7.86072651383084e-24
