112606.251051226 1.22632826085138e-16 1.19520132397318e-16 1.25745519772959e-16
142786.615593472 7.62871902491842e-17 7.4518615567763e-17 7.80557649306054e-17
181055.824186555 4.74526629973312e-17 4.64533503927547e-17 4.84519756019076e-17
229581.822747338 2.95137246794043e-17 2.89519821555422e-17 3.00754672032663e-17
291113.603071291 1.83539570294116e-17 1.80394294398589e-17 1.86684846189644e-17
369136.932876502 1.1412010969872e-17 1.1236128517405e-17 1.15878934223389e-17
468071.824112259 7.09417352585083e-18 6.99545974672852e-18 7.19288730497313e-18
593522.926087366 4.40883359673294e-18 4.35278343442269e-18 4.46488375904318e-18
752597.028157849 2.73902709549607e-18 2.70648891337668e-18 2.77156527761546e-18
954305.65846188 1.70090344541537e-18 1.68139419562334e-18 1.72041269520739e-18
1210075.58587031 1.05565734106692e-18 1.04351880567608e-18 1.06779587645777e-18
1534396.14502492 6.54729535187646e-19 6.46922748215801e-19 6.62536322159491e-19
1945640.05534746 4.05709307552492e-19 4.00572909456856e-19 4.10845705648127e-19
2467104.23331454 2.51118468593445e-19 2.47701497194662e-19 2.54535439992228e-19
3128329.55988436 1.55210760309736e-19 1.52934078362335e-19 1.57487442257136e-19
3966774.36773649 9.57586864622563e-20 9.42489932547221e-20 9.72683796697904e-20
5029936.45116879 5.89436241794556e-20 5.79508933484682e-20 5.9936355010443e-20
6378043.81024912 3.61768201927842e-20 3.55303758708693e-20 3.6823264514699e-20
8087466.55954362 2.21217653307897e-20 2.17045446111015e-20 2.25389860504779e-20
10255043.285628 1.34640296871964e-20 1.31961049991963e-20 1.37319543751965e-20
13003566.9409974 8.14612470901973e-21 7.97354240540946e-21 8.31870701263e-21
16488741.0495845 4.89166233608818e-21 4.77870598822464e-21 5.00461868395172e-21
20908000.2920645 2.90947573689339e-21 2.8332632687535e-21 2.98568820503328e-21
26511695.1560098 1.70967813150952e-21 1.65626964424118e-21 1.76308661877786e-21
33617274.2599379 9.89340787889262e-22 9.50723634806711e-22 1.02795794097181e-21
42627267.7781488 5.61464446606942e-22 5.33170529586997e-22 5.89758363626886e-22
54052090.7251378 3.10868886736592e-22 2.90291726870648e-22 3.31446046602537e-22
68538957.9028144 1.66815885083149e-22 1.52224015456862e-22 1.81407754709437e-22
86908548.5386981 8.60318082356525e-23 7.60906081510576e-23 9.59730083202473e-23
110201497.662297 4.21912111020224e-23 3.57728647322918e-23 4.86095574717531e-23
139737347.950364 1.94118857628053e-23 1.55418426733668e-23 2.32819288522437e-23
177189301.655759 8.23697180464969e-24 6.09494529031345e-24 1.03789983189859e-23
