112606.251051226 1.23044778156861e-16 1.19869382766565e-16 1.26220173547157e-16
142786.615593472 7.62047306532518e-17 7.43995719236428e-17 7.80098893828607e-17
181055.824186555 4.71955054996267e-17 4.61744566370927e-17 4.82165543621607e-17
229581.822747338 2.92293600647863e-17 2.8654580583463e-17 2.98041395461096e-17
291113.603071291 1.8102473310474e-17 1.7780172328028e-17 1.84247742929199e-17
369136.932876502 1.12113123649425e-17 1.10309335501748e-17 1.13916911797101e-17
468071.824112259 6.94344339052891e-18 6.84230903813198e-18 7.04457774292583e-18
593522.926087366 4.30024530262837e-18 4.24308303559775e-18 4.35740756965899e-18
752597.028157849 2.66324680783027e-18 2.63038537228069e-18 2.69610824337985e-18
954305.65846188 1.64941300698964e-18 1.63000387682742e-18 1.66882213715186e-18
1210075.58587031 1.02152072006862e-18 1.00965497178513e-18 1.0333864683521e-18
1534396.14502492 6.32651653514768e-19 6.25138074519701e-19 6.40165232509835e-19
1945640.05534746 3.91815612667321e-19 3.86920281290048e-19 3.96710944044595e-19
2467104.23331454 2.42660086743617e-19 2.39412083045678e-19 2.45908090441556e-19
3128329.55988436 1.50284556046095e-19 1.48111460909345e-19 1.52457651182846e-19
3966774.36773649 9.30742589903414e-20 9.16187850530942e-20 9.45297329275886e-20
5029936.45116879 5.76426377246514e-20 5.66712367440191e-20 5.86140387052837e-20
6378043.81024912 3.56990670902037e-20 3.50546190332411e-20 3.63435151471664e-20
8087466.55954362 2.21089602547164e-20 2.16843370603711e-20 2.25335834490618e-20
10255043.285628 1.36923433553591e-20 1.34142915459658e-20 1.39703951647523e-20
13003566.9409974 8.47978264212416e-21 8.29838280871442e-21 8.6611824755339e-21
16488741.0495845 5.25156155468053e-21 5.1330395495584e-21 5.37008355980267e-21
20908000.2920645 3.25228161113573e-21 3.17402293548834e-21 3.33054028678312e-21
26511695.1560098 2.0141076681687e-21 1.96120273164574e-21 2.06701260469166e-21
33617274.2599379 1.24729936044337e-21 1.2101638616951e-21 1.28443485919164e-21
42627267.7781488 7.72414549329129e-22 7.45125179616851e-22 7.99703919041406e-22
54052090.7251378 4.78321281684593e-22 4.57388031866044e-22 4.99254531503142e-22
68538957.9028144 2.96193595950686e-22 2.79628072103593e-22 3.1275911979778e-22
86908548.5386981 1.83406516433847e-22 1.70063624618547e-22 1.96749408249147e-22
110201497.662297 1.13561854996645e-22 1.02735162116045e-22 1.24388547877245e-22
139737347.950364 7.03109686787795e-23 6.15162867676303e-23 7.91056505899288e-23
177189301.655759 4.35290616654402e-23 3.64002583979821e-23 5.06578649328983e-23
