112606.251051226 1.77103333332735e-16 1.73448133326402e-16 1.80758533339067e-16
142786.615593472 1.10352149183887e-16 1.08273867769677e-16 1.12430430598097e-16
181055.824186555 6.87548440675341e-17 6.75796616717281e-17 6.993002646334e-17
229581.822747338 4.28337201715549e-17 4.21725240728042e-17 4.34949162703056e-17
291113.603071291 2.66819491998406e-17 2.63112718475185e-17 2.70526265521626e-17
369136.932876502 1.66182380912396e-17 1.64105515539082e-17 1.68259246285711e-17
468071.824112259 1.03483432164552e-17 1.02314108307709e-17 1.04652756021396e-17
593522.926087366 6.44248225800196e-18 6.37575955590453e-18 6.50920496009939e-18
752597.028157849 4.00963161886528e-18 3.97062671869108e-18 4.04863651903948e-18
954305.65846188 2.49453383280701e-18 2.47094764453155e-18 2.51812002108246e-18
1210075.58587031 1.55118440050874e-18 1.53638192484034e-18 1.56598687617714e-18
1534396.14502492 9.63984477965066e-19 9.54394317522543e-19 9.73574638407588e-19
1945640.05534746 5.98601172547327e-19 5.92257223072079e-19 6.04945122022574e-19
2467104.23331454 3.71342890397529e-19 3.67107072959023e-19 3.75578707836036e-19
3128329.55988436 2.30073951798934e-19 2.27244716676875e-19 2.32903186920992e-19
3966774.36773649 1.42320825187391e-19 1.40441451668583e-19 1.442001987062e-19
5029936.45116879 8.78603292925324e-20 8.66228378628294e-20 8.90978207222355e-20
6378043.81024912 5.4101040977008e-20 5.32943009410792e-20 5.49077810129367e-20
8087466.55954362 3.3205415303875e-20 3.26842194015302e-20 3.37266112062198e-20
10255043.285628 2.02966770387908e-20 1.99616705579265e-20 2.0631683519655e-20
13003566.9409974 1.23416912617835e-20 1.2125659874501e-20 1.2557722649066e-20
16488741.0495845 7.45505279160754e-21 7.31338351066778e-21 7.5967220725473e-21
20908000.2920645 4.46563146700442e-21 4.36966225745249e-21 4.56160067655635e-21
26511695.1560098 2.64663787516985e-21 2.57888909845177e-21 2.71438665188794e-21
33617274.2599379 1.54755923016395e-21 1.49802629190817e-21 1.59709216841974e-21
42627267.7781488 8.89551034802692e-22 8.52726684445103e-22 9.26375385160281e-22
54052090.7251378 5.00350283044279e-22 4.73087619172746e-22 5.27612946915812e-22
68538957.9028144 2.73799292012543e-22 2.54047987776443e-22 2.93550596248643e-22
86908548.5386981 1.44691791028304e-22 1.30882615114651e-22 1.58500966941958e-22
110201497.662297 7.31558940144677e-23 6.3953439514182e-23 8.23583485147535e-23
139737347.950364 3.49704355368123e-23 2.92002262308654e-23 4.07406448427592e-23
177189301.655759 1.55693989461671e-23 1.22161341996324e-23 1.89226636927017e-23
