112606.251051226 2.40577666656967e-16 2.36772719695863e-16 2.4438261361807e-16
142786.615593472 1.4969576980804e-16 1.47530112419388e-16 1.51861427196692e-16
181055.824186555 9.31437067336768e-17 9.19171995105954e-17 9.43702139567582e-17
229581.822747338 5.79541490945864e-17 5.72625508162563e-17 5.86457473729164e-17
291113.603071291 3.60577896737005e-17 3.56689237580025e-17 3.64466555893985e-17
369136.932876502 2.24332817367895e-17 2.22145936895571e-17 2.2651969784022e-17
468071.824112259 1.39559714362096e-17 1.38323113520944e-17 1.40796315203248e-17
593522.926087366 8.68148054636423e-18 8.61060369301804e-18 8.75235739971042e-18
752597.028157849 5.39989102864357e-18 5.35830077005283e-18 5.44148128723432e-18
954305.65846188 3.35832151983912e-18 3.3331131778526e-18 3.38352986182565e-18
1210075.58587031 2.08829175703872e-18 2.07245776820451e-18 2.10412574587292e-18
1534396.14502492 1.2982949733724e-18 1.28803355076686e-18 1.30855639597794e-18
1945640.05534746 8.0694816704702e-19 8.00153105967119e-19 8.1374322812692e-19
2467104.23331454 5.0139327027372e-19 4.96843360824578e-19 5.05943179722863e-19
3128329.55988436 3.11411464303598e-19 3.08356484818362e-19 3.14466443788835e-19
3966774.36773649 1.93315444231654e-19 1.9126998198719e-19 1.95360906476118e-19
5029936.45116879 1.19926260652336e-19 1.18564967601809e-19 1.21287553702862e-19
6378043.81024912 7.43364204114842e-20 7.34372077519219e-20 7.52356330710464e-20
8087466.55954362 4.60290505977935e-20 4.54394354007634e-20 4.66186657948235e-20
10255043.285628 2.84631481305293e-20 2.80786512852066e-20 2.8847644975852e-20
13003566.9409974 1.75711055506462e-20 1.73206273886201e-20 1.78215837126723e-20
16488741.0495845 1.08238945505964e-20 1.06595641229547e-20 1.09882249782382e-20
20908000.2920645 6.64946370092136e-21 6.53956462031732e-21 6.7593627815254e-21
26511695.1560098 4.07091143380368e-21 3.99496996911487e-21 4.14685289849249e-21
33617274.2599379 2.48140217250797e-21 2.42672410616784e-21 2.53608023884811e-21
42627267.7781488 1.50415996711203e-21 1.46325491211462e-21 1.54506502210945e-21
54052090.7251378 9.05392103106479e-22 8.73995639339422e-22 9.36788566873537e-22
68538957.9028144 5.40140339119536e-22 5.15796624920928e-22 5.64484053318143e-22
86908548.5386981 3.18614686900468e-22 2.99796316758046e-22 3.3743305704289e-22
110201497.662297 1.85267004223429e-22 1.70903754603083e-22 1.99630253843775e-22
139737347.950364 1.05787551416163e-22 9.50423478169983e-23 1.16532755015327e-22
177189301.655759 5.90281322630807e-23 5.11994342212101e-23 6.68568303049514e-23
