112606.251051226 5.93266867192482e-17 5.68469152120548e-17 6.18064582264415e-17
142786.615593472 3.69102994683776e-17 3.55035081529768e-17 3.83170907837785e-17
181055.824186555 2.29602898340636e-17 2.21672935082386e-17 2.37532861598887e-17
229581.822747338 1.42797744366275e-17 1.3835619072608e-17 1.4723929800647e-17
291113.603071291 8.87884578648598e-18 8.63149851322971e-18 9.12619305974224e-18
369136.932876502 5.51891491011998e-18 5.38169311171821e-18 5.65613670852175e-18
468071.824112259 3.42906661596833e-18 3.35291567474545e-18 3.50521755719122e-18
593522.926087366 2.12949336974104e-18 2.08690401781922e-18 2.17208272166286e-18
752597.028157849 1.32158575176406e-18 1.29731057027281e-18 1.3458609332553e-18
954305.65846188 8.19516480969287e-19 8.0523484038336e-19 8.33798121555214e-19
1210075.58587031 5.07653891767312e-19 4.98909029332618e-19 5.16398754202005e-19
1534396.14502492 3.14053909059576e-19 3.08490999434337e-19 3.19616818684815e-19
1945640.05534746 1.9396055720923e-19 1.90324786818748e-19 1.97596327599713e-19
2467104.23331454 1.19536479120485e-19 1.17129265660608e-19 1.21943692580363e-19
3128329.55988436 7.34713725391306e-20 7.18756792788877e-20 7.50670657993736e-20
3966774.36773649 4.50042055261487e-20 4.39534025742554e-20 4.60550084780421e-20
5029936.45116879 2.7447822560038e-20 2.6763259992225e-20 2.81323851278511e-20
6378043.81024912 1.6648635161714e-20 1.62079184361679e-20 1.708935188726e-20
8087466.55954362 1.00282776070161e-20 9.74723409707497e-21 1.03093211169573e-20
10255043.285628 5.98743497585564e-21 5.80868575402045e-21 6.16618419769083e-21
13003566.9409974 3.53504256723912e-21 3.42024886654129e-21 3.64983626793696e-21
16488741.0495845 2.05771456747075e-21 1.98214291643296e-21 2.13328621850854e-21
20908000.2920645 1.17641453344501e-21 1.12495699598862e-21 1.2278720709014e-21
26511695.1560098 6.5739406739215e-22 6.21393260311269e-22 6.93394874473031e-22
33617274.2599379 3.56882558934936e-22 3.31531785255095e-22 3.82233332614776e-22
42627267.7781488 1.86763133652319e-22 1.69234175100107e-22 2.04292092204531e-22
54052090.7251378 9.32937953659294e-23 8.16539877579964e-23 1.04933602973863e-22
68538957.9028144 4.39334270466463e-23 3.66538337421972e-23 5.12130203510954e-23
86908548.5386981 1.91978111337292e-23 1.49908091295554e-23 2.34048131379031e-23
110201497.662297 7.62984913405873e-24 5.43020192190237e-24 9.82949634621509e-24
139737347.950364 2.68873212412637e-24 1.67439838027688e-24 3.70306586797586e-24
177189301.655759 8.13480682191183e-25 4.13873820840397e-25 1.21308754354197e-24
