112606.251051226 1.77549775203168e-16 1.74062446135149e-16 1.81037104271188e-16
142786.615593472 1.10532956564926e-16 1.08551030241693e-16 1.1251488288816e-16
181055.824186555 6.8806892550402e-17 6.76864847888199e-17 6.99273003119841e-17
229581.822747338 4.28284303049656e-17 4.21980332524748e-17 4.34588273574565e-17
291113.603071291 2.66551861004775e-17 2.63016189918679e-17 2.70087532090872e-17
369136.932876502 1.65869698037471e-17 1.63886711882936e-17 1.67852684192007e-17
468071.824112259 1.03197921126472e-17 1.02079560621088e-17 1.04316281631855e-17
593522.926087366 6.41906207781445e-18 6.35509532893111e-18 6.48302882669778e-18
752597.028157849 3.9915470928129e-18 3.95404999057e-18 4.02904419505579e-18
954305.65846188 2.4811035984579e-18 2.45837263735504e-18 2.50383455956076e-18
1210075.58587031 1.54148036565203e-18 1.52719232857424e-18 1.55576840272981e-18
1534396.14502492 9.57115004889731e-19 9.47854254424097e-19 9.66375755355366e-19
1945640.05534746 5.93815771675088e-19 5.87692327860709e-19 5.99939215489467e-19
2467104.23331454 3.68052758849875e-19 3.63967326134105e-19 3.72138191565645e-19
3128329.55988436 2.27836932696787e-19 2.25110033217688e-19 2.30563832175885e-19
3966774.36773649 1.40814698468145e-19 1.39003885864972e-19 1.42625511071318e-19
5029936.45116879 8.68553729996923e-20 8.56627395534656e-20 8.8048006445919e-20
6378043.81024912 5.3436212350137e-20 5.26579940246686e-20 5.42144306756055e-20
8087466.55954362 3.27693251147999e-20 3.22657202501363e-20 3.32729299794634e-20
10255043.285628 2.00131311351119e-20 1.96887028860474e-20 2.03375593841764e-20
13003566.9409974 1.21590621998158e-20 1.19493755339192e-20 1.23687488657125e-20
16488741.0495845 7.33865083591341e-21 7.20099036121279e-21 7.47631131061403e-21
20908000.2920645 4.39232597804653e-21 4.2992210447401e-21 4.48543091135295e-21
26511695.1560098 2.60111829672015e-21 2.53571322764673e-21 2.66652336579358e-21
33617274.2599379 1.5197653466772e-21 1.47228154175506e-21 1.56724915159935e-21
42627267.7781488 8.72923541848875e-22 8.37877690794185e-22 9.07969392903564e-22
54052090.7251378 4.9064942256668e-22 4.64864663008409e-22 5.16434182124951e-22
68538957.9028144 2.68312687632466e-22 2.49723332641432e-22 2.86902042623499e-22
86908548.5386981 1.41706513610487e-22 1.28757822891139e-22 1.54655204329835e-22
110201497.662297 7.16084605864518e-23 6.30033708614375e-23 8.02135503114662e-23
139737347.950364 3.42157297695905e-23 2.88312404174757e-23 3.96002191217052e-23
177189301.655759 1.52285276444428e-23 1.21041610113794e-23 1.83528942775063e-23
