112606.251051226 2.34900112581662e-16 2.30747440457503e-16 2.39052784705822e-16
142786.615593472 1.46038137042811e-16 1.43692319661959e-16 1.48383954423664e-16
181055.824186555 9.07781340753785e-17 8.94606373868588e-17 9.20956307638981e-17
229581.822747338 5.64169855895173e-17 5.56807200333118e-17 5.71532511457229e-17
291113.603071291 3.50533090029672e-17 3.46430820228186e-17 3.54635359831157e-17
369136.932876502 2.17725521411844e-17 2.15437324080695e-17 2.20013718742994e-17
468071.824112259 1.35180367920208e-17 1.33893519767554e-17 1.36467216072862e-17
593522.926087366 8.38870063195413e-18 8.31497372313043e-18 8.46242754077784e-18
752597.028157849 5.20226810136547e-18 5.15873621203363e-18 5.24579999069731e-18
954305.65846188 3.22353112058275e-18 3.19683901745135e-18 3.25022322371415e-18
1210075.58587031 1.99533544591719e-18 1.97836011465059e-18 2.01231077718379e-18
1534396.14502492 1.23345386410883e-18 1.22236390515007e-18 1.24454382306758e-18
1945640.05534746 7.6119895406651e-19 7.53850735347539e-19 7.68547172785482e-19
2467104.23331454 4.68754687441914e-19 4.63870768758336e-19 4.73638606125491e-19
3128329.55988436 2.87883356408033e-19 2.84652227054975e-19 2.91114485761091e-19
3966774.36773649 1.76195844197749e-19 1.74077656609273e-19 1.78314031786224e-19
5029936.45116879 1.0737003584484e-19 1.05996880078747e-19 1.08743191610934e-19
6378043.81024912 6.50686611883559e-20 6.41880424302527e-20 6.59492799464592e-20
8087466.55954362 3.91578733514437e-20 3.85972637591415e-20 3.97184829437459e-20
10255043.285628 2.33565983041004e-20 2.29996003669693e-20 2.37135962412316e-20
13003566.9409974 1.37755733895401e-20 1.35453620336276e-20 1.40057847454526e-20
16488741.0495845 8.00956015442796e-21 7.85720520581239e-21 8.16191510304353e-21
20908000.2920645 4.57345634306981e-21 4.46936848634173e-21 4.6775441997979e-21
26511695.1560098 2.55217147229399e-21 2.47939876274802e-21 2.62494418183996e-21
33617274.2599379 1.3833508040713e-21 1.33232895741502e-21 1.43437265072759e-21
42627267.7781488 7.22642461825655e-22 6.87588972645351e-22 7.57695951005959e-22
54052090.7251378 3.60235604558252e-22 3.37124720106799e-22 3.83346489009706e-22
68538957.9028144 1.69228520871264e-22 1.5487855593915e-22 1.83578485803378e-22
86908548.5386981 7.37353564962307e-23 6.55006791461124e-23 8.19700338463489e-23
110201497.662297 2.92033897656709e-23 2.49279497851414e-23 3.34788297462005e-23
139737347.950364 1.02479763158584e-23 8.29049669318821e-24 1.22054559385286e-23
177189301.655759 3.08464607808718e-24 2.31930902579871e-24 3.84998313037565e-24
