112606.251051226 5.9052751044753e-17 5.6396138837074e-17 6.17093632524321e-17
142786.615593472 3.67714785058891e-17 3.52626317470509e-17 3.82803252647274e-17
181055.824186555 2.28934605612692e-17 2.2042014071698e-17 2.37449070508403e-17
229581.822747338 1.42502430061029e-17 1.37728966770571e-17 1.47275893351488e-17
291113.603071291 8.8678751958397e-18 8.60185869078739e-18 9.13389170089202e-18
369136.932876502 5.51661816685488e-18 5.36900218158647e-18 5.66423415212329e-18
468071.824112259 3.43039198029338e-18 3.34851248166077e-18 3.512271478926e-18
593522.926087366 2.13197997193973e-18 2.0862583860249e-18 2.17770155785457e-18
752597.028157849 1.32412507269736e-18 1.29813894405801e-18 1.35011120133672e-18
954305.65846188 8.21680074425396e-19 8.06450849499462e-19 8.3690929935133e-19
1210075.58587031 5.09336288688154e-19 5.00047729045603e-19 5.18624848330705e-19
1534396.14502492 3.15288498619988e-19 3.09396787840812e-19 3.21180209399165e-19
1945640.05534746 1.94828691321134e-19 1.90983451494429e-19 1.9867393114784e-19
2467104.23331454 1.20125614795837e-19 1.17580215244083e-19 1.22671014347591e-19
3128329.55988436 7.38581467838052e-20 7.21700342473064e-20 7.55462593203039e-20
3966774.36773649 4.52495538240474e-20 4.41371005440892e-20 4.63620071040056e-20
5029936.45116879 2.75974348189167e-20 2.68722519650274e-20 2.83226176728059e-20
6378043.81024912 1.67353940167519e-20 1.62683571512643e-20 1.72024308822395e-20
8087466.55954362 1.00751000916441e-20 9.77727909502874e-21 1.03729210882596e-20
10255043.285628 6.00985132267457e-21 5.82052074974525e-21 6.19918189560389e-21
13003566.9409974 3.54329409668196e-21 3.42181950623366e-21 3.66476868713026e-21
16488741.0495845 2.05835701719178e-21 1.97850104785619e-21 2.13821298652737e-21
20908000.2920645 1.17349407061015e-21 1.11922916292078e-21 1.22775897829952e-21
26511695.1560098 6.53284814087001e-22 6.15430537965995e-22 6.91139090208008e-22
33617274.2599379 3.5287004631156e-22 3.26326425766303e-22 3.79413666856818e-22
42627267.7781488 1.83444225903474e-22 1.65199243371878e-22 2.01689208435071e-22
54052090.7251378 9.08479394704342e-23 7.88304172299468e-23 1.02865461710922e-22
68538957.9028144 4.23056706230045e-23 3.48703888420411e-23 4.97409524039678e-23
86908548.5386981 1.8221793733521e-23 1.39849848642485e-23 2.24586026027935e-23
110201497.662297 7.10901389100502e-24 4.9338940754348e-24 9.28413370657524e-24
139737347.950364 2.4464450121361e-24 1.46674507083583e-24 3.42614495343636e-24
177189301.655759 7.18066400588158e-25 3.43572258847142e-25 1.09256054232917e-24
