112606.251051226 1.19748628858058e-16 1.16568528734062e-16 1.22928728982055e-16
142786.615593472 7.44990198300263e-17 7.26880817697251e-17 7.63099578903276e-17
181055.824186555 4.63446729907338e-17 4.53190146631023e-17 4.73703313183653e-17
229581.822747338 2.88277069555558e-17 2.82498129438914e-17 2.94056009672203e-17
291113.603071291 1.79296139774122e-17 1.76053836741024e-17 1.82538442807221e-17
369136.932876502 1.11498517916405e-17 1.09683126982622e-17 1.13313908850189e-17
468071.824112259 6.9324662453936e-18 6.83060229372073e-18 7.03433019706647e-18
593522.926087366 4.30928921900347e-18 4.25160714192675e-18 4.36697129608019e-18
752597.028157849 2.67790840796147e-18 2.64461993380933e-18 2.71119688211361e-18
954305.65846188 1.66350357367655e-18 1.64371739320734e-18 1.68328975414576e-18
1210075.58587031 1.03287143561855e-18 1.02067727123427e-18 1.04506560000284e-18
1534396.14502492 6.40926502955334e-19 6.33144227166486e-19 6.48708778744183e-19
1945640.05534746 3.97410916479952e-19 3.92312368275935e-19 4.02509464683969e-19
2467104.23331454 2.4617979191063e-19 2.42789993392706e-19 2.49569590428554e-19
3128329.55988436 1.52311875791896e-19 1.50047747274992e-19 1.545760043088e-19
3966774.36773649 9.40895757578647e-20 9.25810741780939e-20 9.55980773376356e-20
5029936.45116879 5.80089612791224e-20 5.70106650098308e-20 5.90072575484139e-20
6378043.81024912 3.56751306300982e-20 3.50202252513827e-20 3.63300360088137e-20
8087466.55954362 2.18706994117275e-20 2.14447909058076e-20 2.22966079176474e-20
10255043.285628 1.3354212979979e-20 1.30789756267549e-20 1.36294503332032e-20
13003566.9409974 8.11270544075112e-21 7.93496256273467e-21 8.29044831876756e-21
16488741.0495845 4.89680782809636e-21 4.78098927018591e-21 5.01262638600681e-21
20908000.2920645 2.93163498193545e-21 2.85451093098612e-21 3.00875903288477e-21
26511695.1560098 1.73701917567269e-21 1.6839768827917e-21 1.79006146855369e-21
33617274.2599379 1.01575874606638e-21 9.78049579609385e-22 1.05346791252338e-21
42627267.7781488 5.84167948300584e-22 5.56770299495061e-22 6.11565597106107e-22
54052090.7251378 3.28931870684593e-22 3.0895525413211e-22 3.48908487237077e-22
68538957.9028144 1.80316369801438e-22 1.65962915594846e-22 1.94669824008029e-22
86908548.5386981 9.55445393476114e-23 8.55394372196728e-23 1.0554964147555e-22
110201497.662297 4.84911607168122e-23 4.18181347196431e-23 5.51641867139813e-23
139737347.950364 2.33018077280859e-23 1.91014115485637e-23 2.7502203907608e-23
177189301.655759 1.04478522871949e-23 7.99074242032282e-24 1.2904962154067e-23
