112606.251051226 2.37623622975527e-16 2.33577409254029e-16 2.41669836697024e-16
142786.615593472 1.47777445676234e-16 1.4548032805353e-16 1.50074563298938e-16
181055.824186555 9.18964152047854e-17 9.05990510503178e-17 9.31937793592531e-17
229581.822747338 5.71417213103078e-17 5.64123078830615e-17 5.78711347375541e-17
291113.603071291 3.55273522249965e-17 3.51184301281969e-17 3.59362743217962e-17
369136.932876502 2.20858957555002e-17 2.18565419074979e-17 2.23152496035026e-17
468071.824112259 1.37275956282239e-17 1.35981520352061e-17 1.38570392212417e-17
593522.926087366 8.53064229736224e-18 8.45649058504198e-18 8.60479400968251e-18
752597.028157849 5.29970953068398e-18 5.25614347597549e-18 5.34327558539247e-18
954305.65846188 3.29135061204418e-18 3.26487362998789e-18 3.31782759410047e-18
1210075.58587031 2.04318757861765e-18 2.02650910079652e-18 2.05986605643878e-18
1534396.14502492 1.26766341775043e-18 1.25683883380158e-18 1.27848800169928e-18
1945640.05534746 7.8595451628882e-19 7.78793184791365e-19 7.93115847786274e-19
2467104.23331454 4.86863926305955e-19 4.82085967719543e-19 4.91641884892367e-19
3128329.55988436 3.01253279801851e-19 2.98064770343245e-19 3.04441789260458e-19
3966774.36773649 1.861400039633e-19 1.84023054908943e-19 1.88256953017657e-19
5029936.45116879 1.14806436293247e-19 1.13412277182377e-19 1.16200595404116e-19
6378043.81024912 7.06483304318564e-20 6.97385886954711e-20 7.15580721682416e-20
8087466.55954362 4.3349206743629e-20 4.27605165219005e-20 4.39378969653576e-20
10255043.285628 2.65013044122373e-20 2.61222505734585e-20 2.68803582510161e-20
13003566.9409974 1.61262429690742e-20 1.58816252147805e-20 1.63708607233678e-20
16488741.0495845 9.75523117525731e-21 9.59513661380637e-21 9.91532573670824e-21
20908000.2920645 5.85725057894249e-21 5.74945276683572e-21 5.96504839104927e-21
26511695.1560098 3.48362470019812e-21 3.40820838537568e-21 3.55904101502057e-21
33617274.2599379 2.04713442538368e-21 1.99245810348367e-21 2.10181074728368e-21
42627267.7781488 1.18478370471175e-21 1.1443135164887e-21 1.2252538929348e-21
54052090.7251378 6.72565535243062e-22 6.42568018462027e-22 7.02563052024096e-22
68538957.9028144 3.72548129301157e-22 3.50663482923133e-22 3.94432775679181e-22
86908548.5386981 2.00045427702697e-22 1.84548832715437e-22 2.15542022689957e-22
110201497.662297 1.03265368224722e-22 9.27426127824759e-23 1.13788123666969e-22
139737347.950364 5.07074882517055e-23 4.39379919481666e-23 5.74769845552443e-23
177189301.655759 2.33702062081269e-23 1.93008076851763e-23 2.74396047310774e-23
