112606.251051226 2.40639869553559e-16 2.36696658053768e-16 2.4458308105335e-16
142786.615593472 1.49454818529935e-16 1.4721937982762e-16 1.5169025723225e-16
181055.824186555 9.28168869926835e-17 9.15560976560648e-17 9.40776763293022e-17
229581.822747338 5.76384168579764e-17 5.69304747018327e-17 5.83463590141202e-17
291113.603071291 3.57895693126609e-17 3.53931252709359e-17 3.61860133543859e-17
369136.932876502 2.22202733932803e-17 2.19981030694145e-17 2.2442443717146e-17
468071.824112259 1.37935806288738e-17 1.36682430049068e-17 1.39189182528407e-17
593522.926087366 8.56094739171766e-18 8.48913854054229e-18 8.63275624289304e-18
752597.028157849 5.31204364990987e-18 5.26982612400837e-18 5.35426117581137e-18
954305.65846188 3.29509769599273e-18 3.26941565470827e-18 3.32077973727719e-18
1210075.58587031 2.04317762562401e-18 2.02698591494792e-18 2.05936933630011e-18
1534396.14502492 1.26628036030024e-18 1.25576669858557e-18 1.27679402201492e-18
1945640.05534746 7.84299899097943e-19 7.7734396057321e-19 7.91255837622676e-19
2467104.23331454 4.85389338116402e-19 4.80749567157258e-19 4.90029109075545e-19
3128329.55988436 3.00097125874754e-19 2.97001938596052e-19 3.03192313153455e-19
3966774.36773649 1.85301949515569e-19 1.83247605911916e-19 1.87356293119223e-19
5029936.45116879 1.14234255469108e-19 1.12881565450682e-19 1.15586945487534e-19
6378043.81024912 7.02785588162877e-20 6.93958836040572e-20 7.11612340285182e-20
8087466.55954362 4.31241910357654e-20 4.25529525500589e-20 4.36954295214719e-20
10255043.285628 2.6374745301003e-20 2.60069094874666e-20 2.67425811145393e-20
13003566.9409974 1.60635417952863e-20 1.58262429693709e-20 1.63008406212017e-20
16488741.0495845 9.73181408131332e-21 9.5766808336532e-21 9.88694732897344e-21
20908000.2920645 5.85637906406504e-21 5.7521207151407e-21 5.96063741298937e-21
26511695.1560098 3.49434352932196e-21 3.42153971333611e-21 3.56714734530782e-21
33617274.2599379 2.0625841571248e-21 2.00981822313188e-21 2.11535009111772e-21
42627267.7781488 1.20090963043336e-21 1.16175536159794e-21 1.24006389926878e-21
54052090.7251378 6.87175294806217e-22 6.57982597044188e-22 7.16367992568246e-22
68538957.9028144 3.84646756539977e-22 3.63148378206052e-22 4.06145134873902e-22
86908548.5386981 2.09377968934205e-22 1.93952818317394e-22 2.24803119551016e-22
110201497.662297 1.10008030421998e-22 9.93483717050847e-23 1.2066768913891e-22
139737347.950364 5.52613387653292e-23 4.8245542806639e-23 6.22771347240194e-23
177189301.655759 2.62238625781516e-23 2.18808113523395e-23 3.05669138039636e-23
