112606.251051226 2.37288909723604e-16 2.33521900532921e-16 2.41055918914287e-16
142786.615593472 1.47585684741321e-16 1.45444779159541e-16 1.49726590323102e-16
181055.824186555 9.17886167684165e-17 9.05779882578303e-17 9.29992452790027e-17
229581.822747338 5.7082799225237e-17 5.64012000905779e-17 5.77643983598962e-17
291113.603071291 3.54965380691242e-17 3.51138316314642e-17 3.58792445067842e-17
369136.932876502 2.20709724305097e-17 2.18559748050751e-17 2.22859700559444e-17
468071.824112259 1.37214351484108e-17 1.3599907999848e-17 1.38429622969737e-17
593522.926087366 8.52913172874259e-18 8.45943254033986e-18 8.59883091714531e-18
752597.028157849 5.30051190915486e-18 5.25953908331971e-18 5.34148473499001e-18
954305.65846188 3.29316718769274e-18 3.26826993408671e-18 3.31806444129878e-18
1210075.58587031 2.0453204064002e-18 2.02964564820302e-18 2.06099516459739e-18
1534396.14502492 1.26975741670901e-18 1.25958828830459e-18 1.27992654511343e-18
1945640.05534746 7.87846425197065e-19 7.81117141235127e-19 7.94575709159004e-19
2467104.23331454 4.88494676400312e-19 4.83999991490597e-19 4.92989361310027e-19
3128329.55988436 3.02617800562147e-19 2.99612212448728e-19 3.05623388675567e-19
3966774.36773649 1.87258980746395e-19 1.85257625563883e-19 1.89260335928907e-19
5029936.45116879 1.1571083094107e-19 1.1438787852224e-19 1.17033783359899e-19
6378043.81024912 7.137123664818e-20 7.05042171662094e-20 7.22382561301506e-20
8087466.55954362 4.39218530869452e-20 4.33582768047814e-20 4.4485429369109e-20
10255043.285628 2.69513484481643e-20 2.65870768430039e-20 2.73156200533247e-20
13003566.9409974 1.64772867225591e-20 1.6241819722401e-20 1.67127537227173e-20
16488741.0495845 1.00269503281407e-20 9.87321294521913e-21 1.01806877110622e-20
20908000.2920645 6.06579953195572e-21 5.96303922777799e-21 6.16855983613346e-21
26511695.1560098 3.64213533955482e-21 3.57096130033344e-21 3.7133093787762e-21
33617274.2599379 2.16621509154587e-21 2.11499380505911e-21 2.21743637803263e-21
42627267.7781488 1.27297430647983e-21 1.23505375741066e-21 1.310894855549e-21
54052090.7251378 7.36731470632447e-22 7.0834768595727e-22 7.65115255307624e-22
68538957.9028144 4.18209395546094e-22 3.97097586831621e-22 4.39321204260566e-22
86908548.5386981 2.31643779715588e-22 2.16258849901402e-22 2.47028709529773e-22
110201497.662297 1.24375073142305e-22 1.13516725505164e-22 1.35233420779447e-22
139737347.950364 6.41962834320939e-23 5.68528767291117e-23 7.15396901350761e-23
177189301.655759 3.1517914401085e-23 2.68130885749659e-23 3.6222740227204e-23
