112606.251051226 1.21137802723739e-16 1.18099409771519e-16 1.24176195675958e-16
142786.615593472 7.52096289939428e-17 7.348206686774e-17 7.69371911201456e-17
181055.824186555 4.66928103480796e-17 4.57156671114211e-17 4.76699535847381e-17
229581.822747338 2.89871013320021e-17 2.8437094302391e-17 2.95371083616132e-17
291113.603071291 1.79941745681354e-17 1.76857609301575e-17 1.83025882061134e-17
369136.932876502 1.11692504626182e-17 1.09965561576386e-17 1.13419447675979e-17
468071.824112259 6.93220980807737e-18 6.83522535391635e-18 7.0291942622384e-18
593522.926087366 4.30192690540578e-18 4.24691101711893e-18 4.35694279369264e-18
752597.028157849 2.66921105683836e-18 2.63738071959262e-18 2.70104139408411e-18
954305.65846188 1.65581653805671e-18 1.63684410673935e-18 1.67478896937407e-18
1210075.58587031 1.02689644477311e-18 1.01517656582744e-18 1.03861632371879e-18
1534396.14502492 6.36642213928074e-19 6.29152178502811e-19 6.44132249353338e-19
1945640.05534746 3.9452953804085e-19 3.89619544653936e-19 3.99439531427765e-19
2467104.23331454 2.44359611503234e-19 2.41094159027756e-19 2.47625063978711e-19
3128329.55988436 1.51245468435602e-19 1.49063107610378e-19 1.53427829260825e-19
3966774.36773649 9.35316876423245e-20 9.20758045692927e-20 9.49875707153563e-20
5029936.45116879 5.77773612358098e-20 5.68117627176942e-20 5.87429597539255e-20
6378043.81024912 3.56411082589103e-20 3.50056322517715e-20 3.62765842660491e-20
8087466.55954362 2.19470924935754e-20 2.15321607665203e-20 2.23620242206306e-20
10255043.285628 1.34843286193348e-20 1.32150213301189e-20 1.37536359085506e-20
13003566.9409974 8.26127916991731e-21 8.08671680131655e-21 8.43584153851808e-21
16488741.0495845 5.04312897352254e-21 4.92915872669448e-21 5.1570992203506e-21
20908000.2920645 3.0645602190007e-21 2.98867417796853e-21 3.14044626003288e-21
26511695.1560098 1.85148254373073e-21 1.79928056174383e-21 1.90368452571763e-21
33617274.2599379 1.11040130633074e-21 1.07306699723331e-21 1.14773561542817e-21
42627267.7781488 6.59772049044607e-22 6.32167203014024e-22 6.8737689507519e-22
54052090.7251378 3.87415477464689e-22 3.66623336735763e-22 4.08207618193616e-22
68538957.9028144 2.24106245880352e-22 2.0841733861047e-22 2.39795153150235e-22
86908548.5386981 1.2719825696705e-22 1.15505272589928e-22 1.38891241344172e-22
110201497.662297 7.04770118899097e-23 6.19643948774776e-23 7.89896289023419e-23
139737347.950364 3.78747030868142e-23 3.18784719638316e-23 4.38709342097968e-23
177189301.655759 1.95808390184142e-23 1.55325663918984e-23 2.362911164493e-23
