112606.251051226 1.73499742062459e-16 1.69743826687746e-16 1.77255657437172e-16
142786.615593472 1.08178568780118e-16 1.06052606501545e-16 1.10304531058691e-16
181055.824186555 6.74389647125746e-17 6.62430563163279e-17 6.86348731088212e-17
229581.822747338 4.20328007528633e-17 4.13638478954034e-17 4.27017536103233e-17
291113.603071291 2.61908031274478e-17 2.58180674954987e-17 2.65635387593968e-17
369136.932876502 1.63140207917917e-17 1.61063667088746e-17 1.65216748747088e-17
468071.824112259 1.01574611700121e-17 1.00410007895624e-17 1.02739215504618e-17
593522.926087366 6.32078323877253e-18 6.25433978696405e-18 6.38722669058101e-18
752597.028157849 3.93055870003424e-18 3.89151623929005e-18 3.96960116077842e-18
954305.65846188 2.44204862718019e-18 2.41820501278321e-18 2.46589224157717e-18
1210075.58587031 1.51554281893455e-18 1.50041016764136e-18 1.53067547022774e-18
1534396.14502492 9.39216491060242e-19 9.29331386085534e-19 9.49101596034951e-19
1945640.05534746 5.81007308916578e-19 5.74451030909905e-19 5.87563586923251e-19
2467104.23331454 3.58596779390956e-19 3.5423458574418e-19 3.62958973037732e-19
3128329.55988436 2.20685828697896e-19 2.17798647312161e-19 2.23573010083632e-19
3966774.36773649 1.35315938801235e-19 1.33424426781267e-19 1.37207450821203e-19
5029936.45116879 8.25853118789873e-20 8.13613244300448e-20 8.38092993279298e-20
6378043.81024912 5.01065443703432e-20 4.9323725846015e-20 5.08893628946713e-20
8087466.55954362 3.01742965860269e-20 2.96772771912796e-20 3.06713159807741e-20
10255043.285628 1.79994879619224e-20 1.76831560190612e-20 1.83158199047836e-20
13003566.9409974 1.06086296891086e-20 1.04037107991864e-20 1.08135485790308e-20
16488741.0495845 6.15792636035509e-21 6.02075725927684e-21 6.29509546143333e-21
20908000.2920645 3.50598801881503e-21 3.41078703150899e-21 3.60118900612108e-21
26511695.1560098 1.94776230075141e-21 1.88023464854146e-21 2.01528995296135e-21
33617274.2599379 1.04895434751184e-21 1.00119573076289e-21 1.09671296426078e-21
42627267.7781488 5.43066212372185e-22 5.10202790060554e-22 5.75929634683816e-22
54052090.7251378 2.6744526177003e-22 2.45893742042225e-22 2.88996781497836e-22
68538957.9028144 1.23618430641036e-22 1.10395490231545e-22 1.36841371050527e-22
86908548.5386981 5.27251974174274e-23 4.52777373100832e-23 6.01726575247717e-23
110201497.662297 2.03087183274483e-23 1.65419719889672e-23 2.40754646659294e-23
139737347.950364 6.87402083095281e-24 5.20885922558809e-24 8.53918243631754e-24
177189301.655759 1.97495777531e-24 1.35312024656491e-24 2.59679530405509e-24
