112606.251051226 1.21995904908932e-16 1.18640545390758e-16 1.25351264427106e-16
142786.615593472 7.57033276666636e-17 7.38081674316825e-17 7.75984879016447e-17
181055.824186555 4.69703439837913e-17 4.59065098995807e-17 4.80341780680019e-17
229581.822747338 2.91376974833814e-17 2.85439975772115e-17 2.97313973895514e-17
291113.603071291 1.80712721036628e-17 1.7741458011274e-17 1.84010861960516e-17
369136.932876502 1.12046414169417e-17 1.10217278357496e-17 1.13875549981338e-17
468071.824112259 6.94463841025104e-18 6.84279593762268e-18 7.04648088287941e-18
593522.926087366 4.30230824968e-18 4.24485759217896e-18 4.35975890718103e-18
752597.028157849 2.66379053129494e-18 2.63055628579954e-18 2.69702477679034e-18
954305.65846188 1.64807655758501e-18 1.62814273084186e-18 1.66801038432817e-18
1210075.58587031 1.01870247177079e-18 1.00625941499883e-18 1.03114552854275e-18
1534396.14502492 6.28927858861422e-19 6.20896508805282e-19 6.36959208917562e-19
1945640.05534746 3.87703184159372e-19 3.82411052599021e-19 3.92995315719722e-19
2467104.23331454 2.38543414526286e-19 2.35028973113545e-19 2.42057855939027e-19
3128329.55988436 1.46413945243272e-19 1.44084337878831e-19 1.48743552607714e-19
3966774.36773649 8.95905427135673e-20 8.80583781921171e-20 9.11227072350175e-20
5029936.45116879 5.46070511460362e-20 5.36102588637343e-20 5.56038434283381e-20
6378043.81024912 3.31198466923997e-20 3.24786838114057e-20 3.37610095733938e-20
8087466.55954362 1.99620677140152e-20 1.95533279236682e-20 2.03708075043621e-20
10255043.285628 1.19363267616314e-20 1.16764104193902e-20 1.21962431038726e-20
13003566.9409974 7.0657560636677e-21 6.89900524505256e-21 7.23250688228283e-21
16488741.0495845 4.12948767339013e-21 4.01999623369804e-21 4.23897911308223e-21
20908000.2920645 2.37462863087686e-21 2.3003319076421e-21 2.44892535411161e-21
26511695.1560098 1.33773753421777e-21 1.28584972834074e-21 1.38962534009481e-21
33617274.2599379 7.34226317374095e-22 6.97593276444244e-22 7.70859358303945e-22
42627267.7781488 3.89888008030377e-22 3.64342262116807e-22 4.15433753943948e-22
54052090.7251378 1.98543147900817e-22 1.81322650874717e-22 2.15763644926917e-22
68538957.9028144 9.58734784670352e-23 8.48606890433189e-23 1.06886267890751e-22
86908548.5386981 4.32799835860529e-23 3.67172990384718e-23 4.9842668133634e-23
110201497.662297 1.79382423205036e-23 1.43644297796188e-23 2.15120548613884e-23
139737347.950364 6.67167041935286e-24 4.93391730503818e-24 8.40942353366754e-24
177189301.655759 2.16293854311915e-24 1.42983881675445e-24 2.89603826948384e-24
