112606.251051226 1.86053032958472e-16 1.8243713615585e-16 1.89668929761094e-16
142786.615593472 1.15031197267884e-16 1.12990758280072e-16 1.17071636255696e-16
181055.824186555 7.1115950915025e-17 6.99705827489802e-17 7.22613190810699e-17
229581.822747338 4.39626159589624e-17 4.33226449903384e-17 4.46025869275865e-17
291113.603071291 2.71741400090162e-17 2.68176214174566e-17 2.75306586005758e-17
369136.932876502 1.67946908664345e-17 1.65960118555951e-17 1.69933698772739e-17
468071.824112259 1.03780823983899e-17 1.02666796031802e-17 1.04894851935996e-17
593522.926087366 6.41168313948273e-18 6.3482780851582e-18 6.47508819380726e-18
752597.028157849 3.96015934260104e-18 3.92313795830757e-18 3.99718072689452e-18
954305.65846188 2.44516572644479e-18 2.42279406808516e-18 2.46753738480442e-18
1210075.58587031 1.50910728033351e-18 1.49508607321177e-18 1.52312848745524e-18
1534396.14502492 9.30891010384392e-19 9.21832173047707e-19 9.39949847721077e-19
1945640.05534746 5.73828340079964e-19 5.67860244038315e-19 5.79796436121612e-19
2467104.23331454 3.53419386449121e-19 3.4945340822534e-19 3.57385364672902e-19
3128329.55988436 2.17432027010771e-19 2.14795533455766e-19 2.20068520565775e-19
3966774.36773649 1.33583882532389e-19 1.31839830668082e-19 1.35327934396696e-19
5029936.45116879 8.19257646767366e-20 8.07810921302822e-20 8.30704372231909e-20
6378043.81024912 5.01323481644867e-20 4.93877037487423e-20 5.08769925802311e-20
8087466.55954362 3.05905306828342e-20 3.01099882075605e-20 3.10710731581079e-20
10255043.285628 1.85993649403517e-20 1.82907204116269e-20 1.89080094690766e-20
13003566.9409974 1.12572893423299e-20 1.1058648033645e-20 1.14559306510147e-20
16488741.0495845 6.77430446538607e-21 6.64479114261719e-21 6.90381778815494e-21
20908000.2920645 4.04687162934431e-21 3.96018125167186e-21 4.13356200701675e-21
26511695.1560098 2.39522718855507e-21 2.33508901838732e-21 2.45536535872281e-21
33617274.2599379 1.40109358784271e-21 1.35792750137642e-21 1.44425967430901e-21
42627267.7781488 8.07443243284533e-22 7.7580588957486e-22 8.39080596994206e-22
54052090.7251378 4.56610325313502e-22 4.33359197145328e-22 4.79861453481676e-22
68538957.9028144 2.52096950989631e-22 2.35249369044888e-22 2.68944532934374e-22
86908548.5386981 1.35016562727267e-22 1.23147499105324e-22 1.4688562634921e-22
110201497.662297 6.95769878905669e-23 6.15453917866434e-23 7.76085839944904e-23
139737347.950364 3.41441640836918e-23 2.89867369712485e-23 3.93015911961351e-23
177189301.655759 1.57489008139023e-23 1.26487767955174e-23 1.88490248322872e-23
