112606.251051226 1.26039094094316e-16 1.22924177543276e-16 1.29154010645356e-16
142786.615593472 7.78293610323979e-17 7.6067513446679e-17 7.95912086181168e-17
181055.824186555 4.80594669286463e-17 4.70680071802312e-17 4.90509266770614e-17
229581.822747338 2.96763852586232e-17 2.91210723473814e-17 3.02316981698651e-17
291113.603071291 1.83247769943286e-17 1.80148529061167e-17 1.86347010825405e-17
369136.932876502 1.13151645913228e-17 1.11423856811662e-17 1.14879435014794e-17
468071.824112259 6.98676367078153e-18 6.89011611016499e-18 7.08341123139807e-18
593522.926087366 4.31402199833574e-18 4.25938622268418e-18 4.3686577739873e-18
752597.028157849 2.66365149758087e-18 2.63213379829831e-18 2.69516919686344e-18
954305.65846188 1.64459202153857e-18 1.62585447339543e-18 1.6633295696817e-18
1210075.58587031 1.01536189135163e-18 1.00381630646255e-18 1.02690747624072e-18
1534396.14502492 6.2684561738982e-19 6.1948669561516e-19 6.34204539164479e-19
1945640.05534746 3.86964595876394e-19 3.82154040343055e-19 3.91775151409732e-19
2467104.23331454 2.38860851950246e-19 2.35670165276847e-19 2.42051538623646e-19
3128329.55988436 1.47425272537813e-19 1.45297853399082e-19 1.49552691676543e-19
3966774.36773649 9.0978669436538e-20 8.95619162819358e-20 9.23954225911401e-20
5029936.45116879 5.61347771742663e-20 5.51960901480691e-20 5.70734642004635e-20
6378043.81024912 3.46281304924744e-20 3.40105318537576e-20 3.52457291311911e-20
8087466.55954362 2.13552738386515e-20 2.09518797596602e-20 2.17586679176429e-20
10255043.285628 1.31652128874424e-20 1.29032575244634e-20 1.34271682504215e-20
13003566.9409974 8.11252722766027e-21 7.94274280714905e-21 8.2823116481715e-21
16488741.0495845 4.99617761997044e-21 4.88551017344104e-21 5.10684506649983e-21
20908000.2920645 3.07472943653629e-21 3.00130274057207e-21 3.14815613250051e-21
26511695.1560098 1.89051216235561e-21 1.84016452420285e-21 1.94085980050837e-21
33617274.2599379 1.16104571540061e-21 1.12493835774652e-21 1.1971530730547e-21
42627267.7781488 7.12002797709669e-22 6.84890501212263e-22 7.39115094207075e-22
54052090.7251378 4.35818603285432e-22 4.14728854163685e-22 4.56908352407179e-22
68538957.9028144 2.66136763545076e-22 2.49398547996102e-22 2.82874979094051e-22
86908548.5386981 1.62033313871849e-22 1.48653396725931e-22 1.75413231017767e-22
110201497.662297 9.82778760155938e-23 8.75981269954466e-23 1.08957625035741e-22
139737347.950364 5.93222375981811e-23 5.08538528548862e-23 6.7790622341476e-23
177189301.655759 3.55901263288891e-23 2.89400668868585e-23 4.22401857709198e-23
