112606.251051226 1.23240120815824e-16 1.20221356303076e-16 1.26258885328572e-16
142786.615593472 7.63280234118134e-17 7.46173869693001e-17 7.80386598543267e-17
181055.824186555 4.7270970766978e-17 4.63066871947647e-17 4.82352543391913e-17
229581.822747338 2.927371877507e-17 2.87327816428659e-17 2.98146559072741e-17
291113.603071291 1.81270390525626e-17 1.78246935178258e-17 1.84293845872994e-17
369136.932876502 1.12236011046527e-17 1.10547957398436e-17 1.13924064694618e-17
468071.824112259 6.94835923022958e-18 6.85377254729092e-18 7.04294591316824e-18
593522.926087366 4.30092794226274e-18 4.24733819588235e-18 4.35451768864314e-18
752597.028157849 2.66166341004043e-18 2.63065651771291e-18 2.69267030236795e-18
954305.65846188 1.64676387408833e-18 1.62826135118041e-18 1.66526639699626e-18
1210075.58587031 1.01851289540087e-18 1.00706770126704e-18 1.0299580895347e-18
1534396.14502492 6.29680742907438e-19 6.22362510054455e-19 6.36998975760421e-19
1945640.05534746 3.89084897130467e-19 3.84292414651978e-19 3.93877379608956e-19
2467104.23331454 2.40257412135778e-19 2.37078490752158e-19 2.43436333519397e-19
3128329.55988436 1.48231170708686e-19 1.46115097132165e-19 1.50347244285207e-19
3966774.36773649 9.13552530136679e-20 8.99506697201074e-20 9.27598363072284e-20
5029936.45116879 5.62254730943626e-20 5.52992755279766e-20 5.71516706607487e-20
6378043.81024912 3.4544508056645e-20 3.39387776896403e-20 3.51502384236497e-20
8087466.55954362 2.11772323933512e-20 2.07842408619505e-20 2.15702239247519e-20
10255043.285628 1.29463559705865e-20 1.26927700452748e-20 1.31999418958982e-20
13003566.9409974 7.88658959711868e-21 7.72289382513082e-21 8.05028536910654e-21
16488741.0495845 4.7828025087162e-21 4.67601921032196e-21 4.88958580711043e-21
20908000.2920645 2.88406428430761e-21 2.81271201279361e-21 2.9554165558216e-21
26511695.1560098 1.72661103183536e-21 1.67718802053493e-21 1.77603404313579e-21
33617274.2599379 1.02426303678526e-21 9.88692671058747e-22 1.05983340251178e-21
42627267.7781488 6.00608097856465e-22 5.74278397776371e-22 6.26937797936558e-22
54052090.7251378 3.4704315114279e-22 3.27340563676184e-22 3.66745738609397e-22
68538957.9028144 1.96823276473297e-22 1.82169517561244e-22 2.11477035385349e-22
86908548.5386981 1.09018290619517e-22 9.83340842026401e-23 1.19702497036394e-22
110201497.662297 5.86002758588534e-23 5.10485325464596e-23 6.61520191712472e-23
139737347.950364 3.03240395128829e-23 2.52025444868323e-23 3.54455345389336e-23
177189301.655759 1.49532575800328e-23 1.16569874831726e-23 1.82495276768931e-23
