112606.251051226 1.79996785155101e-16 1.7649747967671e-16 1.83496090633493e-16
142786.615593472 1.11905741906848e-16 1.09915031830334e-16 1.13896451983362e-16
181055.824186555 6.95700949342355e-17 6.84433411653114e-17 7.06968487031596e-17
229581.822747338 4.32484713012792e-17 4.26136276428372e-17 4.38833149597212e-17
291113.603071291 2.6883818442022e-17 2.65272769743395e-17 2.72403599097045e-17
369136.932876502 1.67099702556388e-17 1.65098147750446e-17 1.6910125736233e-17
468071.824112259 1.03852133725577e-17 1.02723398047596e-17 1.04980869403559e-17
593522.926087366 6.4535419969857e-18 6.38910636233126e-18 6.51797763164014e-18
752597.028157849 4.00966917546204e-18 3.97206284535284e-18 4.04727550557124e-18
954305.65846188 2.49073340833037e-18 2.46808561725683e-18 2.51338119940391e-18
1210075.58587031 1.54678401957513e-18 1.53265087870561e-18 1.56091716044466e-18
1534396.14502492 9.60250783709368e-19 9.51144333471804e-19 9.69357233946933e-19
1945640.05534746 5.95871633969902e-19 5.89869765622827e-19 6.01873502316976e-19
2467104.23331454 3.69558924268281e-19 3.65555742217861e-19 3.73562106318702e-19
3128329.55988436 2.29041448953064e-19 2.26363001854865e-19 2.31719896051262e-19
3966774.36773649 1.41828435351245e-19 1.40041480542717e-19 1.43615390159772e-19
5029936.45116879 8.77261813690936e-20 8.65416364330147e-20 8.89107263051726e-20
6378043.81024912 5.41854003428401e-20 5.34065156771089e-20 5.49642850085713e-20
8087466.55954362 3.34085971940441e-20 3.29005798507294e-20 3.39166145373589e-20
10255043.285628 2.05517500326483e-20 2.02224273895234e-20 2.08810726757731e-20
13003566.9409974 1.26063654550138e-20 1.2393165114906e-20 1.28195657951216e-20
16488741.0495845 7.70453813997412e-21 7.56548248135321e-21 7.84359379859504e-21
20908000.2920645 4.68699317371744e-21 4.59443906161301e-21 4.77954728582188e-21
26511695.1560098 2.83461826277721e-21 2.77090633737093e-21 2.89833018818349e-21
33617274.2599379 1.70162802336294e-21 1.65597975514904e-21 1.74727629157684e-21
42627267.7781488 1.01190260752132e-21 9.78068973255102e-22 1.04573624178753e-21
54052090.7251378 5.94591986505678e-22 5.69048074567527e-22 6.20135898443829e-22
68538957.9028144 3.4412294233703e-22 3.24812027643635e-22 3.63433857030424e-22
86908548.5386981 1.95369762214475e-22 1.80958794053627e-22 2.09780730375324e-22
110201497.662297 1.08246046505502e-22 9.77477451550305e-23 1.18744347855973e-22
139737347.950364 5.81486555569398e-23 5.07533609457529e-23 6.55439501681267e-23
177189301.655759 3.00359638995685e-23 2.50460830484359e-23 3.5025844750701e-23
