112606.251051226 1.20866608017138e-16 1.17715321072879e-16 1.24017894961397e-16
142786.615593472 7.475932531253e-17 7.29812983383215e-17 7.65373522867384e-17
181055.824186555 4.62365305938089e-17 4.523900654338e-17 4.72340546442377e-17
229581.822747338 2.85927174040115e-17 2.803600712134e-17 2.91494276866829e-17
291113.603071291 1.76792012400817e-17 1.73697210348937e-17 1.79886814452698e-17
369136.932876502 1.09292404284743e-17 1.0757372585076e-17 1.11011082718726e-17
468071.824112259 6.75485526755119e-18 6.65899285018583e-18 6.85071768491656e-18
593522.926087366 4.17362765099178e-18 4.11946360722424e-18 4.22779169475932e-18
752597.028157849 2.57779585660711e-18 2.5464483378415e-18 2.60914337537271e-18
954305.65846188 1.59139088816953e-18 1.57261734811057e-18 1.61016442822849e-18
1210075.58587031 9.81846055595639e-19 9.70167082795848e-19 9.93525028395429e-19
1534396.14502492 6.05310139741825e-19 5.9780253045659e-19 6.12817749027059e-19
1945640.05534746 3.72813420475781e-19 3.67882392004239e-19 3.77744448947323e-19
2467104.23331454 2.29335528847487e-19 2.26065563692023e-19 2.3260549400295e-19
3128329.55988436 1.40855657867847e-19 1.38686393252844e-19 1.43024922482849e-19
3966774.36773649 8.63413821064924e-20 8.49103073800641e-20 8.77724568329207e-20
5029936.45116879 5.27928872615688e-20 5.18570723359482e-20 5.37287021871895e-20
6378043.81024912 3.21774684120798e-20 3.15714897156915e-20 3.27834471084682e-20
8087466.55954362 1.95334303711547e-20 1.91443669384064e-20 1.9922493803903e-20
10255043.285628 1.17974018749884e-20 1.15486539200507e-20 1.20461498299261e-20
13003566.9409974 7.07914428993976e-21 6.9194198595375e-21 7.23886872034201e-21
16488741.0495845 4.21315692096872e-21 4.1088312464994e-21 4.31748259543804e-21
20908000.2920645 2.48148029095407e-21 2.41125000376496e-21 2.55171057814317e-21
26511695.1560098 1.44237414618524e-21 1.39339021668381e-21 1.49135807568668e-21
33617274.2599379 8.2446374402731e-22 7.89360789506504e-22 8.59566698548116e-22
42627267.7781488 4.61362527901662e-22 4.35985059706059e-22 4.86739996097264e-22
54052090.7251378 2.51314942225816e-22 2.3317479182125e-22 2.69455092630383e-22
68538957.9028144 1.32301615744967e-22 1.19702918119069e-22 1.44900313370865e-22
86908548.5386981 6.66973174705339e-23 5.83222787736799e-23 7.50723561673879e-23
110201497.662297 3.18279218496936e-23 2.6575339273198e-23 3.70805044261892e-23
139737347.950364 1.41668889722319e-23 1.11074330252795e-23 1.72263449191843e-23
177189301.655759 5.77303044533139e-24 4.14882686894089e-24 7.39723402172188e-24
