112606.251051226 2.39301736957642e-16 2.35401850859206e-16 2.43201623056078e-16
142786.615593472 1.48571630309927e-16 1.46351232870426e-16 1.50792027749428e-16
181055.824186555 9.22407274506706e-17 9.09823167284277e-17 9.34991381729135e-17
229581.822747338 5.72671383967859e-17 5.65567528571504e-17 5.79775239364215e-17
291113.603071291 3.55535595181762e-17 3.51535485080807e-17 3.59535705282718e-17
369136.932876502 2.20726335364157e-17 2.18473303141938e-17 2.22979367586376e-17
468071.824112259 1.37030400040657e-17 1.35754986411831e-17 1.38305813669483e-17
593522.926087366 8.50685799033359e-18 8.43377269623668e-18 8.57994328443051e-18
752597.028157849 5.280901982347e-18 5.23812698168755e-18 5.32367698300645e-18
954305.65846188 3.27815982290327e-18 3.25237709856827e-18 3.30394254723826e-18
1210075.58587031 2.03484203810021e-18 2.01877572970384e-18 2.05090834649659e-18
1534396.14502492 1.26300216377984e-18 1.25268153931958e-18 1.27332278824011e-18
1945640.05534746 7.83868148006923e-19 7.77088880295158e-19 7.90647415718687e-19
2467104.23331454 4.86450026439155e-19 4.81939967789008e-19 4.90960085089302e-19
3128329.55988436 3.01840854212923e-19 2.98826791355232e-19 3.04854917070614e-19
3966774.36773649 1.87261083864339e-19 1.85249283793014e-19 1.89272883935664e-19
5029936.45116879 1.16152331044057e-19 1.14815955338973e-19 1.17488706749141e-19
6378043.81024912 7.20270004347513e-20 7.11451837980157e-20 7.2908817071487e-20
8087466.55954362 4.46497924148885e-20 4.4072028514767e-20 4.522755631501e-20
10255043.285628 2.76669874467522e-20 2.72906863135728e-20 2.80432885799316e-20
13003566.9409974 1.71345980392384e-20 1.68901554414824e-20 1.73790406369945e-20
16488741.0495845 1.06045889990273e-20 1.04451584345598e-20 1.07640195634947e-20
20908000.2920645 6.55757610492005e-21 6.45200312111899e-21 6.66314908872111e-21
26511695.1560098 4.05063523596866e-21 3.97860108142694e-21 4.12266939051038e-21
33617274.2599379 2.49866103013805e-21 2.44734607812664e-21 2.54997598214947e-21
42627267.7781488 1.5386375717874e-21 1.50033870121229e-21 1.5769364423625e-21
54052090.7251378 9.45382795446381e-22 9.15698443098318e-22 9.75067147794443e-22
68538957.9028144 5.79248298747223e-22 5.55712927359411e-22 6.02783670135036e-22
86908548.5386981 3.53656871394523e-22 3.34831286851068e-22 3.72482455937978e-22
110201497.662297 2.14954736827574e-22 1.99908887570817e-22 2.3000058608433e-22
139737347.950364 1.2990810410853e-22 1.17964437302235e-22 1.41851770914825e-22
177189301.655759 7.79446385661706e-23 6.85625697607447e-23 8.73267073715966e-23
