112606.251051226 6.38188142581523e-17 6.13282547475351e-17 6.63093737687695e-17
142786.615593472 3.93786373141865e-17 3.79655969915537e-17 4.07916776368193e-17
181055.824186555 2.42981159915912e-17 2.35004315550824e-17 2.50958004280999e-17
229581.822747338 1.49928595922286e-17 1.45447583912413e-17 1.54409607932159e-17
291113.603071291 9.25116208988877e-18 9.00051749721697e-18 9.50180668256057e-18
369136.932876502 5.70831637372432e-18 5.56850655414883e-18 5.84812619329982e-18
468071.824112259 3.52224603697495e-18 3.44424093780855e-18 3.60025113614135e-18
593522.926087366 2.17335778942351e-18 2.12959674874653e-18 2.21711883010049e-18
752597.028157849 1.34104274462546e-18 1.31616172481637e-18 1.36592376443455e-18
954305.65846188 8.2747299359867e-19 8.12994267784268e-19 8.41951719413071e-19
1210075.58587031 5.10581178501159e-19 5.01882179471476e-19 5.19280177530841e-19
1534396.14502492 3.15047092956047e-19 3.09632964458776e-19 3.20461221453317e-19
1945640.05534746 1.94395306141083e-19 1.90919290095235e-19 1.97871322186931e-19
2467104.23331454 1.19948713201597e-19 1.17668139087768e-19 1.22229287315425e-19
3128329.55988436 7.40124541890169e-20 7.24990386289166e-20 7.55258697491171e-20
3966774.36773649 4.56681319963623e-20 4.46606233209229e-20 4.66756406718016e-20
5029936.45116879 2.81786844692584e-20 2.75095109596501e-20 2.88478579788666e-20
6378043.81024912 1.7387091635585e-20 1.6945028071271e-20 1.78291551998989e-20
8087466.55954362 1.07283171285018e-20 1.04382082312323e-20 1.10184260257714e-20
10255043.285628 6.61963849404468e-21 6.43040742456332e-21 6.80886956352603e-21
13003566.9409974 4.08445786035373e-21 3.96145522846518e-21 4.20746049224227e-21
16488741.0495845 2.52017887903909e-21 2.44005222768137e-21 2.60030553039681e-21
20908000.2920645 1.5549780345923e-21 1.50215278432306e-21 1.60780328486154e-21
26511695.1560098 9.59427153843837e-22 9.23686740558978e-22 9.95167567128695e-22
33617274.2599379 5.9196118421483e-22 5.66787541054734e-22 6.17134827374925e-22
42627267.7781488 3.65229782026652e-22 3.46638921014627e-22 3.83820643038676e-22
54052090.7251378 2.25334998419901e-22 2.1100979809909e-22 2.39660198740711e-22
68538957.9028144 1.39020171015673e-22 1.27653052180136e-22 1.5038728985121e-22
86908548.5386981 8.57650063264542e-23 7.66027266462226e-23 9.49272860066858e-23
110201497.662297 5.29079637940998e-23 4.54800922489055e-23 6.03358353392941e-23
139737347.950364 3.26365962483926e-23 2.66146862012213e-23 3.8658506295564e-23
177189301.655759 2.01304874251417e-23 1.52621386830127e-23 2.49988361672706e-23
