112606.251051226 1.76056133151259e-16 1.72556348586976e-16 1.79555917715542e-16
142786.615593472 1.09692076789776e-16 1.07699655324783e-16 1.11684498254769e-16
181055.824186555 6.83384206607055e-17 6.72101949096316e-17 6.94666464117795e-17
229581.822747338 4.25707174750752e-17 4.19349570550939e-17 4.32064778950565e-17
291113.603071291 2.65156120797975e-17 2.61586184958686e-17 2.68726056637263e-17
369136.932876502 1.65128549260272e-17 1.63125308212739e-17 1.67131790307805e-17
468071.824112259 1.02814338786136e-17 1.01685193347573e-17 1.03943484224699e-17
593522.926087366 6.39988795851927e-18 6.33543870180278e-18 6.46433721523577e-18
752597.028157849 3.98242839113633e-18 3.94478839575107e-18 4.02006838652159e-18
954305.65846188 2.4770920898478e-18 2.45438204455778e-18 2.49980213513782e-18
1210075.58587031 1.53994878178559e-18 1.52573734081717e-18 1.55416022275401e-18
1534396.14502492 9.56706422955557e-19 9.47522862310976e-19 9.65889983600138e-19
1945640.05534746 5.93856081438451e-19 5.87790354575744e-19 5.99921808301158e-19
2467104.23331454 3.6822620705564e-19 3.64177053151466e-19 3.72275360959814e-19
3128329.55988436 2.28009761198025e-19 2.25302445815022e-19 2.30717076581028e-19
3966774.36773649 1.40941225525952e-19 1.39139063453463e-19 1.42743387598441e-19
5029936.45116879 8.69293401745612e-20 8.57391247369032e-20 8.81195556122192e-20
6378043.81024912 5.3466550295678e-20 5.26877779369076e-20 5.42453226544483e-20
8087466.55954362 3.27687895900186e-20 3.22637031922471e-20 3.327387598779e-20
10255043.285628 1.99935080858225e-20 1.96678430069215e-20 2.03191731647236e-20
13003566.9409974 1.21295709270787e-20 1.19194777808423e-20 1.23396640733152e-20
16488741.0495845 7.30578899081703e-21 7.16873642689025e-21 7.44284155474381e-21
20908000.2920645 4.36027515057181e-21 4.26868236971975e-21 4.45186793142387e-21
26511695.1560098 2.57229283637693e-21 2.50899806146306e-21 2.6355876112908e-21
33617274.2599379 1.4953256668399e-21 1.45018588902357e-21 1.54046544465622e-21
42627267.7781488 8.53192647092914e-22 8.20430289834458e-22 8.8595500435137e-22
54052090.7251378 4.75425346284454e-22 4.5168749834846e-22 4.99163194220448e-22
68538957.9028144 2.5709125615464e-22 2.40233776977818e-22 2.73948735331462e-22
86908548.5386981 1.33834999587897e-22 1.22284210144841e-22 1.45385789030953e-22
110201497.662297 6.63897739787178e-23 5.88613418590233e-23 7.39182060984123e-23
139737347.950364 3.0978941611213e-23 2.63798373571559e-23 3.55780458652701e-23
177189301.655759 1.3376598712986e-23 1.07874613904896e-23 1.59657360354824e-23
