112606.251051226 6.44016361822014e-17 6.18794759788801e-17 6.69237963855227e-17
142786.615593472 3.95889618231105e-17 3.81658554618229e-17 4.10120681843981e-17
181055.824186555 2.43360770700268e-17 2.35372867646935e-17 2.51348673753602e-17
229581.822747338 1.49598099615528e-17 1.45137259744196e-17 1.5405893948686e-17
291113.603071291 9.19602981702644e-18 8.94800813989608e-18 9.44405149415679e-18
369136.932876502 5.65292378419512e-18 5.51539638047999e-18 5.79045118791025e-18
468071.824112259 3.47491306018176e-18 3.39860330474111e-18 3.5512228156224e-18
593522.926087366 2.13605430124335e-18 2.09343561748954e-18 2.17867298499717e-18
752597.028157849 1.31303863554881e-18 1.28887067673293e-18 1.33720659436469e-18
954305.65846188 8.07121198248871e-19 7.93058884395542e-19 8.211835121022e-19
1210075.58587031 4.96129408698923e-19 4.87661203332447e-19 5.04597614065399e-19
1534396.14502492 3.04961355178878e-19 2.99672627716739e-19 3.10250082641018e-19
1945640.05534746 1.87450480093678e-19 1.84044991181837e-19 1.90855969005519e-19
2467104.23331454 1.15217393876222e-19 1.12980192618116e-19 1.17454595134329e-19
3128329.55988436 7.08168379777371e-20 6.93330872505536e-20 7.23005887049206e-20
3966774.36773649 4.35249741699369e-20 4.2539385084988e-20 4.45105632548857e-20
5029936.45116879 2.6749742115883e-20 2.60973222354656e-20 2.74021619963004e-20
6378043.81024912 1.64389531798928e-20 1.6009709315157e-20 1.68681970446286e-20
8087466.55954362 1.01017145390346e-20 9.82124189563371e-21 1.03821871824355e-20
10255043.285628 6.20688054061525e-21 6.02468592814898e-21 6.38907515308153e-21
13003566.9409974 3.81327052246946e-21 3.6952138710684e-21 3.93132717387052e-21
16488741.0495845 2.34235809153864e-21 2.2655413085605e-21 2.41917487451677e-21
20908000.2920645 1.43854029564055e-21 1.38779294429886e-21 1.48928764698224e-21
26511695.1560098 8.83243692219566e-22 8.48708612103206e-22 9.17778772335927e-22
33617274.2599379 5.42124812164616e-22 5.17598255859108e-22 5.66651368470124e-22
42627267.7781488 3.32614203310941e-22 3.14366121256139e-22 3.50862285365744e-22
54052090.7251378 2.03965897342686e-22 1.89854335668149e-22 2.18077459017224e-22
68538957.9028144 1.24994056075155e-22 1.13809279856724e-22 1.36178832293587e-22
86908548.5386981 7.65349524111872e-23 6.75658612761631e-23 8.55040435462112e-23
110201497.662297 4.68136042711834e-23 3.96009433549721e-23 5.40262651873946e-23
139737347.950364 2.85958721910788e-23 2.2808702151574e-23 3.43830422305835e-23
177189301.655759 1.74380493810381e-23 1.28171132353284e-23 2.20589855267477e-23
