112606.251051226 6.56467416532092e-17 6.30908955600889e-17 6.82025877463295e-17
142786.615593472 4.041238830939e-17 3.89676820080049e-17 4.18570946107752e-17
181055.824186555 2.4877888087678e-17 2.40654685406476e-17 2.56903076347084e-17
229581.822747338 1.53147362794882e-17 1.48601700277801e-17 1.57693025311963e-17
291113.603071291 9.42761322896632e-18 9.17437467283863e-18 9.68085178509402e-18
369136.932876502 5.80348946882554e-18 5.66278542135774e-18 5.94419351629335e-18
468071.824112259 3.5724862773025e-18 3.49425756747745e-18 3.65071498712754e-18
593522.926087366 2.1990962329e-18 2.15532465591429e-18 2.24286780988572e-18
752597.028157849 1.35365543756253e-18 1.32879623178785e-18 1.3785146433372e-18
954305.65846188 8.33219919569163e-19 8.18741903226586e-19 8.47697935911739e-19
1210075.58587031 5.12856011452766e-19 5.04135271221436e-19 5.21576751684096e-19
1534396.14502492 3.1565403289886e-19 3.10209100139482e-19 3.21098965658238e-19
1945640.05534746 1.94268319002018e-19 1.90763947829569e-19 1.97772690174467e-19
2467104.23331454 1.19553034014072e-19 1.17251833645542e-19 1.21854234382602e-19
3128329.55988436 7.35662502306898e-20 7.20404183521877e-20 7.50920821091919e-20
3966774.36773649 4.5263189554556e-20 4.42497286828716e-20 4.62766504262404e-20
5029936.45116879 2.7844947642929e-20 2.71740755433196e-20 2.85158197425383e-20
6378043.81024912 1.71263524743951e-20 1.66849659567657e-20 1.75677389920244e-20
8087466.55954362 1.05312127089999e-20 1.02428205921094e-20 1.08196048258904e-20
10255043.285628 6.47379277381341e-21 6.28647664453113e-21 6.66110890309569e-21
13003566.9409974 3.97805178025494e-21 3.85669327347646e-21 4.09941028703341e-21
16488741.0495845 2.4432508935859e-21 2.36428529031451e-21 2.5222164968573e-21
20908000.2920645 1.4996652918256e-21 1.4474782058302e-21 1.55185237782101e-21
26511695.1560098 9.19764249149514e-22 8.84217239375201e-22 9.55311258923827e-22
33617274.2599379 5.63536950799599e-22 5.38263670618528e-22 5.88810230980671e-22
42627267.7781488 3.44837923016828e-22 3.26025752543085e-22 3.6365009349057e-22
54052090.7251378 2.10671657927275e-22 1.96140736879641e-22 2.25202578974909e-22
68538957.9028144 1.28442175552628e-22 1.169636480934e-22 1.39920703011857e-22
86908548.5386981 7.81054296290446e-23 6.89543791313543e-23 8.72564801267349e-23
110201497.662297 4.73395926590623e-23 4.00434232332405e-23 5.46357620848841e-23
139737347.950364 2.85728911447842e-23 2.27868768079434e-23 3.43589054816249e-23
177189301.655759 1.7154740574013e-23 1.26056900038749e-23 2.17037911441511e-23
