112606.251051226 2.32615387440282e-16 2.28743495741452e-16 2.36487279139112e-16
142786.615593472 1.45097455042883e-16 1.42894020549696e-16 1.4730088953607e-16
181055.824186555 9.04995254883759e-17 8.92522382656857e-17 9.1746812711066e-17
229581.822747338 5.64402099664936e-17 5.57374559342749e-17 5.71429639987123e-17
291113.603071291 3.5194508764866e-17 3.47997515733274e-17 3.55892659564046e-17
369136.932876502 2.19427040666596e-17 2.17208835069394e-17 2.21645246263799e-17
468071.824112259 1.36777698852899e-17 1.35523494358288e-17 1.3803190334751e-17
593522.926087366 8.5236616637494e-18 8.4516728219834e-18 8.5956505055154e-18
752597.028157849 5.30997232528659e-18 5.26757728347151e-18 5.35236736710168e-18
954305.65846188 3.30654649906804e-18 3.28070686418136e-18 3.33238613395472e-18
1210075.58587031 2.05789922808577e-18 2.04156865250709e-18 2.07422980366445e-18
1534396.14502492 1.27990649836517e-18 1.26927220949272e-18 1.29054078723763e-18
1945640.05534746 7.95349295079598e-19 7.88292427733032e-19 8.02406162426165e-19
2467104.23331454 4.93699520791581e-19 4.88979406309558e-19 4.98419635273604e-19
3128329.55988436 3.06030978940419e-19 3.02875113698588e-19 3.09186844182251e-19
3966774.36773649 1.89367122494196e-19 1.87269260563066e-19 1.91464984425325e-19
5029936.45116879 1.16916455571952e-19 1.15534067963249e-19 1.18298843180655e-19
6378043.81024912 7.19812028665056e-20 7.10791779141191e-20 7.28832278188922e-20
8087466.55954362 4.41576485772389e-20 4.35742616941361e-20 4.47410354603417e-20
10255043.285628 2.69661507374024e-20 2.65907851398814e-20 2.73415163349233e-20
13003566.9409974 1.63730330993512e-20 1.61308945758295e-20 1.66151716228728e-20
16488741.0495845 9.8688303292688e-21 9.71028518986605e-21 1.00273754686715e-20
20908000.2920645 5.89356390566291e-21 5.78668015410125e-21 6.00044765722456e-21
26511695.1560098 3.47846408177414e-21 3.40366192291671e-21 3.55326624063156e-21
33617274.2599379 2.02267742777644e-21 1.96861979607592e-21 2.07673505947696e-21
42627267.7781488 1.15414700704501e-21 1.11448938095611e-21 1.1938046331339e-21
54052090.7251378 6.4297199472405e-22 6.14033770479169e-22 6.71910218968931e-22
68538957.9028144 3.47481012329175e-22 3.26851090791131e-22 3.68110933867219e-22
86908548.5386981 1.80693504088116e-22 1.66537888388512e-22 1.94849119787721e-22
110201497.662297 8.94835440999529e-23 8.0261146993338e-23 9.87059412065678e-23
139737347.950364 4.16531768754819e-23 3.60298057366873e-23 4.72765480142764e-23
177189301.655759 1.79245766820506e-23 1.47690409100167e-23 2.10801124540845e-23
