112606.251051226 2.38321342782787e-16 2.35399121408552e-16 2.41243564157022e-16
142786.615593472 1.48160564658134e-16 1.46514734765725e-16 1.49806394550543e-16
181055.824186555 9.2094673135869e-17 9.11706709926285e-17 9.30186752791095e-17
229581.822747338 5.72335157130564e-17 5.67149201170918e-17 5.77521113090209e-17
291113.603071291 3.55596373284713e-17 3.52671758415857e-17 3.58520988153569e-17
369136.932876502 2.20864536796905e-17 2.19194217725913e-17 2.22534855867896e-17
468071.824112259 1.37125862793761e-17 1.36150144571919e-17 1.38101581015603e-17
593522.926087366 8.5092346067118e-18 8.45041077467836e-18 8.56805843874525e-18
752597.028157849 5.27691128589271e-18 5.2401792706372e-18 5.31364330114822e-18
954305.65846188 3.26972873606179e-18 3.24607130258559e-18 3.29338616953798e-18
1210075.58587031 2.02390680899263e-18 2.00834435821221e-18 2.03946925977305e-18
1534396.14502492 1.25110772298684e-18 1.24076415523669e-18 1.26145129073699e-18
1945640.05534746 7.72094224367877e-19 7.65209299494245e-19 7.78979149241509e-19
2467104.23331454 4.75468808934366e-19 4.70907285214273e-19 4.80030332654459e-19
3128329.55988436 2.92013061577102e-19 2.89016252237215e-19 2.95009870916989e-19
3966774.36773649 1.78729838480687e-19 1.76781448795771e-19 1.80678228165604e-19
5029936.45116879 1.08920157271265e-19 1.07667076007143e-19 1.10173238535388e-19
6378043.81024912 6.6013237873198e-20 6.52148033642554e-20 6.68116723821405e-20
8087466.55954362 3.97306116738323e-20 3.92243162586149e-20 4.02369070890496e-20
10255043.285628 2.37016840377389e-20 2.33794068839965e-20 2.40239611914813e-20
13003566.9409974 1.39818178182676e-20 1.37732690071784e-20 1.41903666293567e-20
16488741.0495845 8.13155198370861e-21 7.99267659376712e-21 8.2704273736501e-21
20908000.2920645 4.64465767535541e-21 4.54920437999875e-21 4.74011097071206e-21
26511695.1560098 2.59302077438297e-21 2.52605638582662e-21 2.65998516293931e-21
33617274.2599379 1.40627233499127e-21 1.35930447087698e-21 1.45324019910555e-21
42627267.7781488 7.35139906969629e-22 7.02923291393656e-22 7.67356522545601e-22
54052090.7251378 3.66800041799253e-22 3.45610264668618e-22 3.87989818929888e-22
68538957.9028144 1.72513301853252e-22 1.59387116139242e-22 1.85639487567262e-22
86908548.5386981 7.52784501000162e-23 6.77599466382722e-23 8.27969535617602e-23
110201497.662297 2.98710837685878e-23 2.5971746060443e-23 3.37704214767326e-23
139737347.950364 1.05075887128518e-23 8.72263550098656e-24 1.22925419247171e-23
177189301.655759 3.17250330540958e-24 2.47402848787542e-24 3.87097812294373e-24
