112606.251051226 2.39162745106901e-16 2.35323924504761e-16 2.43001565709041e-16
142786.615593472 1.48852367562392e-16 1.46665182494904e-16 1.51039552629879e-16
181055.824186555 9.26425468521735e-17 9.14024430525032e-17 9.38826506518439e-17
229581.822747338 5.76574913842089e-17 5.69573663030382e-17 5.83576164653795e-17
291113.603071291 3.58830190935359e-17 3.54888523550597e-17 3.6277185832012e-17
369136.932876502 2.23309378854506e-17 2.21089924976753e-17 2.25528832732259e-17
468071.824112259 1.38965059802652e-17 1.37708759798348e-17 1.40221359806956e-17
593522.926087366 8.64728474716139e-18 8.57524207415564e-18 8.71932742016714e-18
752597.028157849 5.38050225710779e-18 5.33824027165745e-18 5.42276424255814e-18
954305.65846188 3.34754528717145e-18 3.3219601105242e-18 3.37313046381869e-18
1210075.58587031 2.08247657930146e-18 2.06643444109005e-18 2.09851871751287e-18
1534396.14502492 1.29530015361137e-18 1.28492271912062e-18 1.30567758810212e-18
1945640.05534746 8.05527459556503e-19 7.98665123911064e-19 8.12389795201943e-19
2467104.23331454 5.00827752035729e-19 4.9623633856465e-19 5.05419165506809e-19
3128329.55988436 3.11291467392862e-19 3.08209185358825e-19 3.14373749426898e-19
3966774.36773649 1.93411463832287e-19 1.91347170184131e-19 1.95475757480444e-19
5029936.45116879 1.2011284703119e-19 1.18738286964007e-19 1.21487407098373e-19
6378043.81024912 7.45475345709714e-20 7.36390391592239e-20 7.54560299827188e-20
8087466.55954362 4.62320425581288e-20 4.56361720412502e-20 4.68279130750075e-20
10255043.285628 2.86437137256509e-20 2.82553324307255e-20 2.90320950205763e-20
13003566.9409974 1.77246837829851e-20 1.74721826785958e-20 1.79771848873744e-20
16488741.0495845 1.09508202609293e-20 1.07858835023776e-20 1.1115757019481e-20
20908000.2920645 6.75229278718997e-21 6.64277198331701e-21 6.86181359106292e-21
26511695.1560098 4.15299010922813e-21 4.07797359990647e-21 4.22800661854979e-21
33617274.2599379 2.54613877420243e-21 2.49252288138787e-21 2.599754667017e-21
42627267.7781488 1.5546858908126e-21 1.51467200395717e-21 1.59469977766804e-21
54052090.7251378 9.44432208454771e-22 9.13593063968292e-22 9.75271352941249e-22
68538957.9028144 5.69991176245811e-22 5.45833803695868e-22 5.94148548795755e-22
86908548.5386981 3.41174047061395e-22 3.22209296921099e-22 3.60138797201692e-22
110201497.662297 2.0208417709134e-22 1.87313048336555e-22 2.16855305846126e-22
139737347.950364 1.18118307344607e-22 1.06783552884775e-22 1.2945306180444e-22
177189301.655759 6.78865696587561e-23 5.93636790865825e-23 7.64094602309296e-23
