112606.251051226 6.02574086989095e-17 5.76880157165927e-17 6.28268016812264e-17
142786.615593472 3.75008997827641e-17 3.60422392849152e-17 3.8959560280613e-17
181055.824186555 2.33347214577488e-17 2.25118951190758e-17 2.41575477964218e-17
229581.822747338 1.45169174699672e-17 1.40557260115255e-17 1.49781089284089e-17
291113.603071291 9.02886491630801e-18 8.77186111308005e-18 9.28586871953597e-18
369136.932876502 5.61369182753615e-18 5.47103881297483e-18 5.75634484209748e-18
468071.824112259 3.48884944122382e-18 3.40966581255842e-18 3.56803306988922e-18
593522.926087366 2.16713229688619e-18 2.12285778826214e-18 2.21140680551024e-18
752597.028157849 1.34522951791562e-18 1.32001672617973e-18 1.37044230965151e-18
954305.65846188 8.34327957227965e-19 8.19517440366593e-19 8.49138474089337e-19
1210075.58587031 5.1690095407266e-19 5.07848203868456e-19 5.25953704276863e-19
1534396.14502492 3.1980265650584e-19 3.14051968128938e-19 3.25553344882742e-19
1945640.05534746 1.97515558261717e-19 1.93759645951324e-19 2.0127147057211e-19
2467104.23331454 1.21720178548977e-19 1.19233345791041e-19 1.24207011306913e-19
3128329.55988436 7.48012963400788e-20 7.31518960875905e-20 7.6450696592567e-20
3966774.36773649 4.58052623220918e-20 4.471812164198e-20 4.68924030022036e-20
5029936.45116879 2.79234134531619e-20 2.72144392779909e-20 2.86323876283328e-20
6378043.81024912 1.69256381764199e-20 1.64687532890437e-20 1.73825230637961e-20
8087466.55954362 1.0185474018317e-20 9.89394241928094e-21 1.0477005617353e-20
10255043.285628 6.07344939927573e-21 5.88809651374435e-21 6.2588022848071e-21
13003566.9409974 3.57964798425407e-21 3.4608783654726e-21 3.69841760303554e-21
16488741.0495845 2.0789434070091e-21 2.00113791752931e-21 2.1567488964889e-21
20908000.2920645 1.18502213593781e-21 1.13244056402525e-21 1.23760370785036e-21
26511695.1560098 6.59653393287786e-22 6.23194445960196e-22 6.96112340615376e-22
33617274.2599379 3.56329348084219e-22 3.30893477858646e-22 3.81765218309793e-22
42627267.7781488 1.85282870838905e-22 1.67860302678264e-22 2.02705438999546e-22
54052090.7251378 9.17974442656971e-23 8.03448417227485e-23 1.03250046808646e-22
68538957.9028144 4.27771964135585e-23 3.56975426553138e-23 4.98568501718032e-23
86908548.5386981 1.8443679432651e-23 1.44093050902713e-23 2.24780537750308e-23
110201497.662297 7.20595771588789e-24 5.13303100746678e-24 9.27888442430901e-24
139737347.950364 2.48471176754164e-24 1.54955021879464e-24 3.41987331628864e-24
177189301.655759 7.31236633990933e-25 3.72904379726808e-25 1.08956888825506e-24
