112606.251051226 2.43587075883404e-16 2.39573870189843e-16 2.47600281576965e-16
142786.615593472 1.5106947670593e-16 1.48788800907769e-16 1.5335015250409e-16
181055.824186555 9.3690706450808e-17 9.24007195656373e-17 9.49806933359788e-17
229581.822747338 5.81049171609423e-17 5.7378280712822e-17 5.88315536090626e-17
291113.603071291 3.60350332731256e-17 3.5626819250047e-17 3.64432472962042e-17
369136.932876502 2.23476301803807e-17 2.2118261847692e-17 2.25769985130694e-17
468071.824112259 1.38589733458974e-17 1.37294372727555e-17 1.39885094190393e-17
593522.926087366 8.59452366601821e-18 8.5204447691794e-18 8.66860256285702e-18
752597.028157849 5.32968284028251e-18 5.28638075265522e-18 5.3729849279098e-18
954305.65846188 3.30496389893838e-18 3.27886745576173e-18 3.33106034211503e-18
1210075.58587031 2.04934024417354e-18 2.03306282095111e-18 2.06561766739596e-18
1534396.14502492 1.27068699798606e-18 1.26021312796144e-18 1.28116086801068e-18
1945640.05534746 7.8783297283692e-19 7.80940018461558e-19 7.94725927212282e-19
2467104.23331454 4.88419517958704e-19 4.83825813720795e-19 4.93013222196614e-19
3128329.55988436 3.02764756681682e-19 2.99690222839931e-19 3.05839290523432e-19
3966774.36773649 1.87654336374794e-19 1.85599544039184e-19 1.89709128710404e-19
5029936.45116879 1.16288574278754e-19 1.14922001499247e-19 1.17655147058261e-19
6378043.81024912 7.20477768348956e-20 7.11448882193176e-20 7.29506654504735e-20
8087466.55954362 4.46255708129584e-20 4.40331167774275e-20 4.52180248484894e-20
10255043.285628 2.7630859397055e-20 2.7244277484441e-20 2.8017441309669e-20
13003566.9409974 1.71006064853134e-20 1.68489180706218e-20 1.7352294900005e-20
16488741.0495845 1.05775061661519e-20 1.04129320221294e-20 1.07420803101745e-20
20908000.2920645 6.53798557104871e-21 6.42875068348422e-21 6.6472204586132e-21
26511695.1560098 4.03747776984241e-21 3.96284991310231e-21 4.11210562658251e-21
33617274.2599379 2.49044019919714e-21 2.437309725648e-21 2.54357067274628e-21
42627267.7781488 1.53393802560466e-21 1.49437985188399e-21 1.57349619932533e-21
54052090.7251378 9.43051117499983e-22 9.12488027883508e-22 9.73614207116458e-22
68538957.9028144 5.78419359362304e-22 5.54253829411356e-22 6.02584889313251e-22
86908548.5386981 3.53718063756573e-22 3.34419407621243e-22 3.73016719891902e-22
110201497.662297 2.15492371347241e-22 2.00071108733713e-22 2.30913633960768e-22
139737347.950364 1.30655387206015e-22 1.18397004130286e-22 1.42913770281745e-22
177189301.655759 7.87383357139091e-23 6.90800568902883e-23 8.83966145375299e-23
