112606.251051226 1.17890682823305e-16 1.14759046118612e-16 1.21022319527997e-16
142786.615593472 7.33037314081182e-17 7.15278031271901e-17 7.50796596890462e-17
181055.824186555 4.55740443309839e-17 4.45728313835025e-17 4.65752572784653e-17
229581.822747338 2.83295174493388e-17 2.77681916540299e-17 2.88908432446477e-17
291113.603071291 1.76064651971948e-17 1.7293136617099e-17 1.79197937772906e-17
369136.932876502 1.09393824991272e-17 1.07647811876285e-17 1.11139838106258e-17
468071.824112259 6.79471066857637e-18 6.69708126152206e-18 6.89234007563068e-18
593522.926087366 4.21860116841663e-18 4.16336331122922e-18 4.27383902560404e-18
752597.028157849 2.6178025624101e-18 2.58582191995332e-18 2.64978320486687e-18
954305.65846188 1.62335996260726e-18 1.60420784736712e-18 1.64251207784739e-18
1210075.58587031 1.00582966969984e-18 9.93909888390559e-19 1.01774945100911e-18
1534396.14502492 6.22539631577613e-19 6.14866211438071e-19 6.30213051717154e-19
1945640.05534746 3.84784296804287e-19 3.79732858369608e-19 3.89835735238966e-19
2467104.23331454 2.37419683978698e-19 2.34061188906961e-19 2.40778179050434e-19
3128329.55988436 1.46171897268936e-19 1.43938661953443e-19 1.48405132584429e-19
3966774.36773649 8.97436260630442e-20 8.82678135467118e-20 9.12194385793766e-20
5029936.45116879 5.49050507925344e-20 5.39391318181651e-20 5.58709697669037e-20
6378043.81024912 3.34410258906081e-20 3.2815541882121e-20 3.40665098990952e-20
8087466.55954362 2.02528045368684e-20 1.98514659873996e-20 2.06541430863373e-20
10255043.285628 1.21778116936382e-20 1.19214035048042e-20 1.24342198824723e-20
13003566.9409974 7.25596580907551e-21 7.0913525694802e-21 7.42057904867082e-21
16488741.0495845 4.27368247189912e-21 4.16612126188654e-21 4.3812436819117e-21
20908000.2920645 2.48053388247714e-21 2.40819919077978e-21 2.55286857417449e-21
26511695.1560098 1.41324765911455e-21 1.36313339099111e-21 1.46336192723799e-21
33617274.2599379 7.86427593312659e-22 7.51113957710086e-22 8.21741228915232e-22
42627267.7781488 4.2474086654287e-22 3.99955257370747e-22 4.49526475714993e-22
54052090.7251378 2.20869948685254e-22 2.03911265643649e-22 2.3782863172686e-22
68538957.9028144 1.09467923908526e-22 9.83711596987458e-23 1.20564688118307e-22
86908548.5386981 5.10485426629228e-23 4.42268671812983e-23 5.78702181445473e-23
110201497.662297 2.20361628008626e-23 1.81687539454575e-23 2.59035716562676e-23
139737347.950364 8.62490739323255e-24 6.6457779458813e-24 1.06040368405838e-23
177189301.655759 2.98152796017365e-24 2.09097487647992e-24 3.87208104386739e-24
