112606.251051226 2.41415279748081e-16 2.37585566732459e-16 2.45244992763703e-16
142786.615593472 1.49642985422673e-16 1.47467689615735e-16 1.5181828122961e-16
181055.824186555 9.27572658128387e-17 9.15273824801343e-17 9.3987149145543e-17
229581.822747338 5.74962431702799e-17 5.68036323051891e-17 5.81888540353708e-17
291113.603071291 3.56394458135371e-17 3.52503459853493e-17 3.60285456417248e-17
369136.932876502 2.20913544675191e-17 2.18726457604192e-17 2.2310063174619e-17
468071.824112259 1.36934744358442e-17 1.35698517814555e-17 1.38170970902329e-17
593522.926087366 8.48798984598013e-18 8.41719079203846e-18 8.5587888999218e-18
752597.028157849 5.26133434863398e-18 5.2198692159828e-18 5.30279948128516e-18
954305.65846188 3.26127008025251e-18 3.23622814404452e-18 3.28631201646049e-18
1210075.58587031 2.02151699201879e-18 2.00586947218218e-18 2.03716451185539e-18
1534396.14502492 1.25304806014792e-18 1.24296831433077e-18 1.26312780596507e-18
1945640.05534746 7.76707830026165e-19 7.70071555591518e-19 7.83344104460812e-19
2467104.23331454 4.81445530685972e-19 4.77023356697363e-19 4.85867704674581e-19
3128329.55988436 2.98425567639545e-19 2.95466964819833e-19 3.01384170459257e-19
3966774.36773649 1.84979724427866e-19 1.83003355947324e-19 1.86956092908409e-19
5029936.45116879 1.14659818954237e-19 1.13346037012882e-19 1.15973600895592e-19
6378043.81024912 7.10717710383539e-20 7.02041759260375e-20 7.19393661506704e-20
8087466.55954362 4.40536051240963e-20 4.34846228169155e-20 4.4622587431277e-20
10255043.285628 2.73063581308033e-20 2.6935388613495e-20 2.76773276481116e-20
13003566.9409974 1.6925581017115e-20 1.66843826732024e-20 1.71667793610276e-20
16488741.0495845 1.04910798093574e-20 1.03337237185495e-20 1.06484359001654e-20
20908000.2920645 6.50268533647253e-21 6.39860003172037e-21 6.60677064122469e-21
26511695.1560098 4.03051130283186e-21 3.95969584529888e-21 4.10132676036484e-21
33617274.2599379 2.49816445700633e-21 2.44791033543372e-21 2.54841857857894e-21
42627267.7781488 1.54836603480391e-21 1.51095056771037e-21 1.58578150189745e-21
54052090.7251378 9.59656389989214e-22 9.30614873655167e-22 9.8869790632326e-22
68538957.9028144 5.94763878163674e-22 5.71583900942294e-22 6.17943855385053e-22
86908548.5386981 3.68601032432966e-22 3.49830514485423e-22 3.87371550380509e-22
110201497.662297 2.28426838040388e-22 2.13150548428163e-22 2.43703127652613e-22
139737347.950364 1.41550235554791e-22 1.29121930503759e-22 1.53978540605823e-22
177189301.655759 8.77080964419333e-23 7.76263486474209e-23 9.77898442364457e-23
