112606.251051226 1.80758203049206e-16 1.77241971254246e-16 1.84274434844166e-16
142786.615593472 1.12155814446062e-16 1.10158250314219e-16 1.14153378577904e-16
181055.824186555 6.95880365353346e-17 6.8458872109575e-17 7.07172009610943e-17
229581.822747338 4.31751085552333e-17 4.25396793447911e-17 4.38105377656756e-17
291113.603071291 2.67864169731976e-17 2.64299585423907e-17 2.71428754040046e-17
369136.932876502 1.66177954117051e-17 1.64179180797696e-17 1.68176727436406e-17
468071.824112259 1.03086971749518e-17 1.01961252420221e-17 1.04212691078815e-17
593522.926087366 6.3943754666724e-18 6.33021507474397e-18 6.45853585860082e-18
752597.028157849 3.96594610419057e-18 3.92857988338835e-18 4.00331232499279e-18
954305.65846188 2.45944753558766e-18 2.43700496292823e-18 2.4818901082471e-18
1210075.58587031 1.52494743725572e-18 1.51098479631452e-18 1.53891007819692e-18
1534396.14502492 9.45320463420843e-19 9.36350169026339e-19 9.54290757815347e-19
1945640.05534746 5.85848277593702e-19 5.79950460517733e-19 5.91746094669671e-19
2467104.23331454 3.62945586737993e-19 3.59018585603727e-19 3.66872587872259e-19
3128329.55988436 2.2475430292157e-19 2.2212942955634e-19 2.27379176286801e-19
3966774.36773649 1.39102121977399e-19 1.37351412923444e-19 1.40852831031354e-19
5029936.45116879 8.6030849986876e-20 8.48698967627129e-20 8.7191803211039e-20
6378043.81024912 5.31603180280931e-20 5.23961914957625e-20 5.39244445604236e-20
8087466.55954362 3.28118014778952e-20 3.23126590425121e-20 3.33109439132782e-20
10255043.285628 2.02232137317951e-20 1.98990571057462e-20 2.05473703578439e-20
13003566.9409974 1.24417377833398e-20 1.22315217385564e-20 1.26519538281232e-20
16488741.0495845 7.63679560158901e-21 7.49954529690644e-21 7.77404590627157e-21
20908000.2920645 4.67382365719534e-21 4.58247673875413e-21 4.76517057563655e-21
26511695.1560098 2.84986577901441e-21 2.7870155031766e-21 2.91271605485223e-21
33617274.2599379 1.72956210161629e-21 1.68446688883371e-21 1.77465731439887e-21
42627267.7781488 1.04342380794888e-21 1.00978584861657e-21 1.07706176728119e-21
54052090.7251378 6.24747813892206e-22 5.99007336809882e-22 6.5048829097453e-22
68538957.9028144 3.70500603903536e-22 3.50617996663655e-22 3.90383211143417e-22
86908548.5386981 2.17069278802725e-22 2.01775728399885e-22 2.32362829205565e-22
110201497.662297 1.25233165376437e-22 1.13634832603028e-22 1.36831498149847e-22
139737347.950364 7.08531703053883e-23 6.22462349814357e-23 7.94601056293409e-23
177189301.655759 3.91061520167672e-23 3.28980146305244e-23 4.531428940301e-23
