112606.251051226 1.73160639601656e-16 1.69613743800334e-16 1.76707535402978e-16
142786.615593472 1.08061745787092e-16 1.06047474938754e-16 1.10076016635429e-16
181055.824186555 6.74266530445243e-17 6.62894200754293e-17 6.85638860136194e-17
229581.822747338 4.20640532287288e-17 4.14253592767418e-17 4.27027471807158e-17
291113.603071291 2.62354825680551e-17 2.58780798448794e-17 2.65928852912307e-17
369136.932876502 1.63583009495931e-17 1.61583384291938e-17 1.65582634699924e-17
468071.824112259 1.01958633928217e-17 1.00833048673968e-17 1.03084219182466e-17
593522.926087366 6.35188645849651e-18 6.28752802970543e-18 6.4162448872876e-18
752597.028157849 3.95474826000976e-18 3.91693350478964e-18 3.99256301522987e-18
954305.65846188 2.46037881201374e-18 2.43733651051537e-18 2.48342111351211e-18
1210075.58587031 1.529195057318e-18 1.51461546807929e-18 1.54377464655671e-18
1534396.14502492 9.49267039106935e-19 9.39762905440223e-19 9.58771172773647e-19
1945640.05534746 5.88349016324641e-19 5.82045071352152e-19 5.94652961297131e-19
2467104.23331454 3.6393248583907e-19 3.59727748143089e-19 3.68137223535051e-19
3128329.55988436 2.24551033872066e-19 2.21754816762701e-19 2.27347250981432e-19
3966774.36773649 1.38110017803549e-19 1.36265835038695e-19 1.39954200568404e-19
5029936.45116879 8.46019211764855e-20 8.33988799040291e-20 8.5804962448942e-20
6378043.81024912 5.15596310167352e-20 5.07836167237587e-20 5.23356453097118e-20
8087466.55954362 3.12188890665517e-20 3.07226768930579e-20 3.17151012400455e-20
10255043.285628 1.8747649768777e-20 1.84310590141088e-20 1.90642405234452e-20
13003566.9409974 1.11413785259626e-20 1.09375311676722e-20 1.13452258842531e-20
16488741.0495845 6.53397800633465e-21 6.39962879931579e-21 6.6683272133535e-21
20908000.2920645 3.76808812520765e-21 3.67661901252414e-21 3.85955723789116e-21
26511695.1560098 2.1272268227787e-21 2.06319561987907e-21 2.19125802567833e-21
33617274.2599379 1.16889793442557e-21 1.12364725210268e-21 1.21414861674847e-21
42627267.7781488 6.20676921721604e-22 5.89139192408284e-22 6.52214651034924e-22
54052090.7251378 3.15569045243666e-22 2.9435686466606e-22 3.36781225821272e-22
68538957.9028144 1.51847670552482e-22 1.38339074141704e-22 1.6535626696326e-22
86908548.5386981 6.81392225931066e-23 6.01424185710134e-23 7.61360266151999e-23
110201497.662297 2.79855592072255e-23 2.36727257509822e-23 3.22983926634689e-23
139737347.950364 1.02733654540318e-23 8.20451985059689e-24 1.23422110574666e-23
177189301.655759 3.27088623214449e-24 2.41411926232091e-24 4.12765320196806e-24
