112606.251051226 1.82363149253207e-16 1.78761079297713e-16 1.85965219208701e-16
142786.615593472 1.13098091384366e-16 1.11068903720458e-16 1.15127279048274e-16
181055.824186555 7.01307187293315e-17 6.89943890086614e-17 7.12670484500017e-17
229581.822747338 4.34789108018157e-17 4.28459137952509e-17 4.41119078083806e-17
291113.603071291 2.6949097373088e-17 2.6597667584438e-17 2.7300527161738e-17
369136.932876502 1.66984786225159e-17 1.65032544563983e-17 1.68937027886334e-17
468071.824112259 1.03428704309172e-17 1.02335907797852e-17 1.04521500820491e-17
593522.926087366 6.40311939447198e-18 6.34083046971325e-18 6.46540831923071e-18
752597.028157849 3.96160514236276e-18 3.92501431443497e-18 3.99819597029055e-18
954305.65846188 2.44910402036118e-18 2.42676599272383e-18 2.47144204799852e-18
1210075.58587031 1.51254274993047e-18 1.49838125134293e-18 1.52670424851802e-18
1534396.14502492 9.32944298525918e-19 9.23710945450869e-19 9.42177651600968e-19
1945640.05534746 5.7451762554709e-19 5.68407025550091e-19 5.80628225544089e-19
2467104.23331454 3.53071661364397e-19 3.49013792527661e-19 3.57129530201132e-19
3128329.55988436 2.16419401594193e-19 2.13736826704717e-19 2.19101976483669e-19
3966774.36773649 1.32221328277858e-19 1.30464181954628e-19 1.33978474601088e-19
5029936.45116879 8.044445298316e-20 7.93064369116196e-20 8.15824690547004e-20
6378043.81024912 4.86849407143596e-20 4.79559902160942e-20 4.94138912126251e-20
8087466.55954362 2.92672397455057e-20 2.88039133994222e-20 2.97305660915891e-20
10255043.285628 1.74452481574564e-20 1.71508218844575e-20 1.77396744304554e-20
13003566.9409974 1.02870620284521e-20 1.00976979338366e-20 1.04764261230675e-20
16488741.0495845 5.98369916824064e-21 5.8587061597761e-21 6.10869217670519e-21
20908000.2920645 3.42075075669453e-21 3.33549125454012e-21 3.50601025884893e-21
26511695.1560098 1.91306230764102e-21 1.85342654315836e-21 1.97269807212369e-21
33617274.2599379 1.04048266689731e-21 9.98552046890816e-22 1.0824132869038e-21
42627267.7781488 5.46254604504752e-22 5.17296536986898e-22 5.75212672022606e-22
54052090.7251378 2.74218691029184e-22 2.54981039689459e-22 2.93456342368909e-22
68538957.9028144 1.30054541409642e-22 1.17986516887771e-22 1.42122565931512e-22
86908548.5386981 5.73941477791155e-23 5.03751898425859e-23 6.44131057156452e-23
110201497.662297 2.3117349963775e-23 1.94089227198845e-23 2.68257772076656e-23
139737347.950364 8.2928567102283e-24 6.55625599643763e-24 1.0029457424019e-23
177189301.655759 2.56852354127804e-24 1.86954531505564e-24 3.26750176750043e-24
