112606.251051226 1.81664681812682e-16 1.78100998164827e-16 1.85228365460538e-16
142786.615593472 1.12726045372314e-16 1.1070491034428e-16 1.14747180400348e-16
181055.824186555 6.99443745834352e-17 6.88040558079854e-17 7.1084693358885e-17
229581.822747338 4.3395959441889e-17 4.27555992961137e-17 4.40363195876642e-17
291113.603071291 2.69218686325218e-17 2.65634342633649e-17 2.72803030016786e-17
369136.932876502 1.66997368926085e-17 1.64991695191567e-17 1.69003042660603e-17
468071.824112259 1.03573530882483e-17 1.02445672688528e-17 1.04701389076438e-17
593522.926087366 6.42251555922163e-18 6.35825967641295e-18 6.48677144203032e-18
752597.028157849 3.98159052955767e-18 3.94411972085678e-18 4.01906133825855e-18
954305.65846188 2.46760102279322e-18 2.44502593720254e-18 2.4901761083839e-18
1210075.58587031 1.52870799586516e-18 1.51460599697539e-18 1.54280999475494e-18
1534396.14502492 9.46586166306864e-19 9.37493540143331e-19 9.55678792470397e-19
1945640.05534746 5.85766377420828e-19 5.79775737416669e-19 5.91757017424987e-19
2467104.23331454 3.62196855918376e-19 3.5820773044265e-19 3.66185981394101e-19
3128329.55988436 2.23732281107277e-19 2.21070871719448e-19 2.26393690495107e-19
3966774.36773649 1.38025534626396e-19 1.36256840742398e-19 1.39794228510395e-19
5029936.45116879 8.50136719581723e-20 8.3846725565147e-20 8.61806183511976e-20
6378043.81024912 5.22550972926161e-20 5.14917925780695e-20 5.30184020071627e-20
8087466.55954362 3.20361787070257e-20 3.15409913430427e-20 3.25313660710086e-20
10255043.285628 1.95759404827285e-20 1.92564812342661e-20 1.98953997311909e-20
13003566.9409974 1.19121773299224e-20 1.17060293156606e-20 1.21183253441842e-20
16488741.0495845 7.21041437629617e-21 7.07601681745879e-21 7.34481193513355e-21
20908000.2920645 4.33524423823575e-21 4.24555283683883e-21 4.42493563963266e-21
26511695.1560098 2.58445945298563e-21 2.52250325837942e-21 2.64641564759183e-21
33617274.2599379 1.52418531929194e-21 1.47982216650197e-21 1.5685484720819e-21
42627267.7781488 8.86668405195784e-22 8.54094443660009e-22 9.19242366731558e-22
54052090.7251378 5.0692866555336e-22 4.82828403703373e-22 5.31028927403347e-22
68538957.9028144 2.83513900040987e-22 2.65855637335045e-22 3.01172162746929e-22
86908548.5386981 1.54199163413466e-22 1.41569821722935e-22 1.66828505103998e-22
110201497.662297 8.09508684629881e-23 7.22408683084565e-23 8.96608686175196e-23
139737347.950364 4.06325346378557e-23 3.49074614766649e-23 4.63576077990465e-23
177189301.655759 1.92671001742657e-23 1.57262724165905e-23 2.2807927931941e-23
