112606.251051226 1.78428994091212e-16 1.74790284716902e-16 1.82067703465521e-16
142786.615593472 1.11079527056152e-16 1.09021237942704e-16 1.131378161696e-16
181055.824186555 6.91400080271566e-17 6.79826631758499e-17 7.02973528784633e-17
229581.822747338 4.30261038946868e-17 4.23788184274529e-17 4.36733893619208e-17
291113.603071291 2.67680623864438e-17 2.64073285369955e-17 2.71287962358921e-17
369136.932876502 1.66476381526897e-17 1.64465519519271e-17 1.68487243534523e-17
468071.824112259 1.03490170623378e-17 1.02361332676935e-17 1.04619008569822e-17
593522.926087366 6.42992117058195e-18 6.36544704654997e-18 6.49439529461392e-18
752597.028157849 3.99216018845571e-18 3.95424224908365e-18 4.03007812782778e-18
954305.65846188 2.47642109706616e-18 2.45325928273702e-18 2.4995829113953e-18
1210075.58587031 1.53444689220492e-18 1.51975416209504e-18 1.54913962231479e-18
1534396.14502492 9.49421263487331e-19 9.39831420995923e-19 9.59011105978738e-19
1945640.05534746 5.86380510961422e-19 5.80024170403207e-19 5.92736851519636e-19
2467104.23331454 3.61328969384765e-19 3.57100164571742e-19 3.65557774197789e-19
3128329.55988436 2.22004317237313e-19 2.19203508053035e-19 2.24805126421591e-19
3966774.36773649 1.35899075514381e-19 1.34061357279106e-19 1.37736793749656e-19
5029936.45116879 8.28015085661309e-20 8.16096320623762e-20 8.39933850698856e-20
6378043.81024912 5.01512420146864e-20 4.93869649776988e-20 5.09155190516739e-20
8087466.55954362 3.01478124461072e-20 2.96616268940872e-20 3.06339979981272e-20
10255043.285628 1.79508223536169e-20 1.76416354996694e-20 1.82600092075644e-20
13003566.9409974 1.05598134015009e-20 1.03608060533599e-20 1.0758820749642e-20
16488741.0495845 6.11734000538533e-21 5.98594945171458e-21 6.24873055905607e-21
20908000.2920645 3.47549769247109e-21 3.3860219637584e-21 3.56497342118377e-21
26511695.1560098 1.92643395171571e-21 1.8641773810582e-21 1.98869052237321e-21
33617274.2599379 1.03490758529704e-21 9.91572864152471e-22 1.0782423064416e-21
42627267.7781488 5.34339258370534e-22 5.04874172144357e-22 5.6380434459671e-22
54052090.7251378 2.62350693333301e-22 2.43198745698399e-22 2.81502640968202e-22
68538957.9028144 1.20848343099729e-22 1.0917973532452e-22 1.32516950874937e-22
86908548.5386981 5.13412796324631e-23 4.48091354781563e-23 5.78734237867698e-23
110201497.662297 1.9685392728124e-23 1.64008890690173e-23 2.29698963872307e-23
139737347.950364 6.62724633620658e-24 5.18416639376888e-24 8.07032627864428e-24
177189301.655759 1.89188158580195e-24 1.35666278739918e-24 2.42710038420471e-24
