112606.251051226 6.3202941438328e-17 6.05670597419948e-17 6.58388231346613e-17
142786.615593472 3.90536879892486e-17 3.75694355021371e-17 4.05379404763601e-17
181055.824186555 2.41281452367067e-17 2.32976731529173e-17 2.49586173204962e-17
229581.822747338 1.49041117219205e-17 1.44423581377562e-17 1.53658653060848e-17
291113.603071291 9.20422361112932e-18 8.94888677401986e-18 9.45956044823877e-18
369136.932876502 5.68250771607635e-18 5.54177885430193e-18 5.82323657785078e-18
468071.824112259 3.50695634156247e-18 3.42929680516805e-18 3.58461587795688e-18
593522.926087366 2.16328914561625e-18 2.12003472912444e-18 2.20654356210806e-18
752597.028157849 1.3336363610296e-18 1.30903511020581e-18 1.35823761185338e-18
954305.65846188 8.21540317807832e-19 8.07071583516519e-19 8.36009052099145e-19
1210075.58587031 5.05591904224307e-19 4.96729045841001e-19 5.14454762607614e-19
1534396.14502492 3.10769571703514e-19 3.05133697043401e-19 3.16405446363628e-19
1945640.05534746 1.90722180225575e-19 1.87045744110384e-19 1.94398616340766e-19
2467104.23331454 1.16817299435387e-19 1.14391128010331e-19 1.19243470860442e-19
3128329.55988436 7.13718152984523e-20 6.97700385454299e-20 7.29735920514747e-20
3966774.36773649 4.34679118388025e-20 4.24175185191961e-20 4.4518305158409e-20
5029936.45116879 2.63672028597242e-20 2.56855759538856e-20 2.70488297655628e-20
6378043.81024912 1.59127204397337e-20 1.54753704921762e-20 1.63500703872913e-20
8087466.55954362 9.54149137137237e-21 9.26338383265028e-21 9.81959891009447e-21
10255043.285628 5.67448967777972e-21 5.49807981056838e-21 5.85089954499105e-21
13003566.9409974 3.3398087290616e-21 3.22689634518138e-21 3.45272111294183e-21
16488741.0495845 1.93994901859947e-21 1.86598114150531e-21 2.01391689569363e-21
20908000.2920645 1.10814934370154e-21 1.0581019029369e-21 1.15819678446619e-21
26511695.1560098 6.19725724716076e-22 5.84919641601916e-22 6.54531807830236e-22
33617274.2599379 3.37385524885174e-22 3.12958612603011e-22 3.61812437167337e-22
42627267.7781488 1.77521168651536e-22 1.60620241430157e-22 1.94422095872916e-22
54052090.7251378 8.94546910980967e-23 7.81717034621295e-23 1.00737678734064e-22
68538957.9028144 4.26731292739e-23 3.55413605555988e-23 4.98048979922011e-23
86908548.5386981 1.89900029813373e-23 1.47991419082001e-23 2.31808640544745e-23
110201497.662297 7.73794745514479e-24 5.49375168529187e-24 9.98214322499771e-24
139737347.950364 2.81967967322067e-24 1.75034845602709e-24 3.88901089041425e-24
177189301.655759 8.91745738378892e-25 4.51616519639094e-25 1.33187495711869e-24
