112606.251051226 5.89920691008848e-17 5.64722148531859e-17 6.15119233485838e-17
142786.615593472 3.67090668554997e-17 3.52700868685739e-17 3.81480468424255e-17
181055.824186555 2.28418076470745e-17 2.20246071535625e-17 2.36590081405864e-17
229581.822747338 1.42121227414311e-17 1.37506130614461e-17 1.46736324214161e-17
291113.603071291 8.84201212608423e-18 8.58271443712513e-18 9.10130981504333e-18
369136.932876502 5.50043712428097e-18 5.3553092143436e-18 5.64556503421835e-18
468071.824112259 3.42125070982465e-18 3.34010407257809e-18 3.50239734707121e-18
593522.926087366 2.12764193281571e-18 2.08207707897737e-18 2.17320678665405e-18
752597.028157849 1.32287338258349e-18 1.29696484238277e-18 1.34878192278421e-18
954305.65846188 8.22278517208082e-19 8.07198162518098e-19 8.37358871898066e-19
1210075.58587031 5.10938496556371e-19 5.01862151050783e-19 5.20014842061959e-19
1534396.14502492 3.17341490260336e-19 3.11669735388547e-19 3.23013245132125e-19
1945640.05534746 1.96989158753026e-19 1.93326627255415e-19 2.00651690250638e-19
2467104.23331454 1.22194024104176e-19 1.19776315305637e-19 1.24611732902715e-19
3128329.55988436 7.57298818561936e-20 7.41173262051639e-20 7.73424375072233e-20
3966774.36773649 4.68802206094013e-20 4.58034289714687e-20 4.79570122473339e-20
5029936.45116879 2.89790681423039e-20 2.82634593496315e-20 2.96946769349763e-20
6378043.81024912 1.78806532233345e-20 1.74088468674098e-20 1.83524595792593e-20
8087466.55954362 1.10071085931891e-20 1.06987819422159e-20 1.13154352441622e-20
10255043.285628 6.75590561693785e-21 6.55588506864708e-21 6.95592616522862e-21
13003566.9409974 4.13115421885979e-21 4.00173376819311e-21 4.26057466952647e-21
16488741.0495845 2.51421202642972e-21 2.42992774846681e-21 2.59849630439262e-21
20908000.2920645 1.52098050065791e-21 1.46498305828703e-21 1.57697794302879e-21
26511695.1560098 9.13140196847578e-22 8.74655627578477e-22 9.51624766116679e-22
33617274.2599379 5.42946155457185e-22 5.15430176836703e-22 5.70462134077667e-22
42627267.7781488 3.18902078661442e-22 2.98597582821532e-22 3.39206574501351e-22
54052090.7251378 1.84422421436035e-22 1.69227258593501e-22 1.99617584278569e-22
68538957.9028144 1.04572696868424e-22 9.32532742341267e-23 1.15892119502722e-22
86908548.5386981 5.78334491906227e-23 4.95685245339708e-23 6.60983738472746e-23
110201497.662297 3.09877295659444e-23 2.514575566575e-23 3.68297034661388e-23
139737347.950364 1.59501595924403e-23 1.19970828946113e-23 1.99032362902693e-23
177189301.655759 7.80246708353919e-24 5.27157188664995e-24 1.03333622804284e-23
