112606.251051226 2.30250693547645e-16 2.26353972144515e-16 2.34147414950775e-16
142786.615593472 1.43831264091256e-16 1.41616839356099e-16 1.46045688826412e-16
181055.824186555 8.98343571078602e-17 8.85830078557422e-17 9.10857063599781e-17
229581.822747338 5.60985341315276e-17 5.53948470231257e-17 5.68022212399295e-17
291113.603071291 3.50234538147918e-17 3.46289083452142e-17 3.54179992843694e-17
369136.932876502 2.18593684900768e-17 2.1637951219874e-17 2.20807857602796e-17
468071.824112259 1.36380697281224e-17 1.35128594036516e-17 1.37632800525932e-17
593522.926087366 8.50474073282024e-18 8.43268624206683e-18 8.57679522357365e-18
752597.028157849 5.30037522115718e-18 5.25770389873815e-18 5.34304654357621e-18
954305.65846188 3.30079934758972e-18 3.27458890940939e-18 3.32700978577005e-18
1210075.58587031 2.05356924368976e-18 2.03687683284331e-18 2.07026165453621e-18
1534396.14502492 1.27603949191164e-18 1.26511258892584e-18 1.28696639489743e-18
1945640.05534746 7.91662192063639e-19 7.84399701601619e-19 7.98924682525659e-19
2467104.23331454 4.90179045389324e-19 4.85331874590964e-19 4.95026216187683e-19
3128329.55988436 3.02745626103789e-19 2.99522478686782e-19 3.05968773520795e-19
3966774.36773649 1.86387471749306e-19 1.84262451278707e-19 1.88512492219905e-19
5029936.45116879 1.14287898512265e-19 1.12902061723437e-19 1.15673735301093e-19
6378043.81024912 6.9720102037045e-20 6.88261937911223e-20 7.06140102829677e-20
8087466.55954362 4.2256495491551e-20 4.16846283878385e-20 4.28283625952634e-20
10255043.285628 2.54009645898187e-20 2.50356681581142e-20 2.57662610215232e-20
13003566.9409974 1.51101596365726e-20 1.48744591867631e-20 1.5345860086382e-20
16488741.0495845 8.87020744317979e-21 8.71442221356651e-21 9.02599267279307e-21
20908000.2920645 5.12037985601318e-21 5.01399913106127e-21 5.22676058096508e-21
26511695.1560098 2.89346829340996e-21 2.8188196348292e-21 2.96811695199071e-21
33617274.2599379 1.59148945707501e-21 1.53865478945327e-21 1.64432412469674e-21
42627267.7781488 8.45888369616948e-22 8.09033961353807e-22 8.82742777880089e-22
54052090.7251378 4.30486602929989e-22 4.0568690260193e-22 4.55286303258048e-22
68538957.9028144 2.07342344809177e-22 1.91544017875591e-22 2.23140671742763e-22
86908548.5386981 9.31295843522051e-23 8.37744550264867e-23 1.02484713677923e-22
110201497.662297 3.82851202463755e-23 3.32379787664633e-23 4.33322617262877e-23
139737347.950364 1.4067206224213e-23 1.16451464885037e-23 1.64892659599222e-23
177189301.655759 4.48282178257138e-24 3.47932181775697e-24 5.48632174738579e-24
