112606.251051226 1.24589755174766e-16 1.21495153201191e-16 1.27684357148341e-16
142786.615593472 7.72431062416998e-17 7.54849352925549e-17 7.90012771908446e-17
181055.824186555 4.78884969011127e-17 4.68947118103031e-17 4.88822819919224e-17
229581.822747338 2.9688972843945e-17 2.9129927722994e-17 3.0248017964896e-17
291113.603071291 1.84055846548909e-17 1.80922691145041e-17 1.87189001952777e-17
369136.932876502 1.14101666803818e-17 1.12348222988312e-17 1.15855110619325e-17
468071.824112259 7.07325068517143e-18 6.97484493454203e-18 7.17165643580083e-18
593522.926087366 4.38456688146783e-18 4.32880162630968e-18 4.44033213662598e-18
752597.028157849 2.71775142491155e-18 2.68553801705009e-18 2.74996483277301e-18
954305.65846188 1.68446329438792e-18 1.66530400976356e-18 1.70362257901229e-18
1210075.58587031 1.0439358033748e-18 1.03212982619264e-18 1.05574178055696e-18
1534396.14502492 6.46898056926519e-19 6.3937006165377e-19 6.54426052199268e-19
1945640.05534746 4.00806045044466e-19 3.95878874425641e-19 4.05733215663292e-19
2467104.23331454 2.48285859320326e-19 2.45011059890888e-19 2.51560658749764e-19
3128329.55988436 1.53768503473661e-19 1.51579229179691e-19 1.5595777776763e-19
3966774.36773649 9.52035285458862e-20 9.37413465224822e-20 9.66657105692902e-20
5029936.45116879 5.89215528658494e-20 5.79499548282758e-20 5.9893150903423e-20
6378043.81024912 3.64490917723637e-20 3.58081209532104e-20 3.70900625915171e-20
8087466.55954362 2.25338144984528e-20 2.2114190262961e-20 2.29534387339447e-20
10255043.285628 1.39202584385947e-20 1.36472820577625e-20 1.41932348194269e-20
13003566.9409974 8.59081888942638e-21 8.4136964718241e-21 8.76794130702865e-21
16488741.0495845 5.29520182307747e-21 5.17971097756972e-21 5.41069266858523e-21
20908000.2920645 3.25871677751587e-21 3.18212071682174e-21 3.33531283821001e-21
26511695.1560098 2.0014446107204e-21 1.94898141584003e-21 2.05390780560077e-21
33617274.2599379 1.22614261511217e-21 1.18858805408833e-21 1.26369717613601e-21
42627267.7781488 7.48762615511799e-22 7.20650180984193e-22 7.76875050039405e-22
54052090.7251378 4.55385703535042e-22 4.33628753112531e-22 4.77142653957554e-22
68538957.9028144 2.75532524525097e-22 2.58401876743657e-22 2.92663172306538e-22
86908548.5386981 1.65624187560281e-22 1.52090475909294e-22 1.79157899211268e-22
110201497.662297 9.87347882475924e-23 8.81088611869299e-23 1.09360715308255e-22
139737347.950364 5.82433212940833e-23 5.0004133428307e-23 6.64825091598596e-23
177189301.655759 3.39020990920432e-23 2.76218361878517e-23 4.01823619962347e-23
