112606.251051226 1.80687623069873e-16 1.77140081384255e-16 1.84235164755492e-16
142786.615593472 1.1236674555648e-16 1.10351947993891e-16 1.14381543119068e-16
181055.824186555 6.98737502714417e-17 6.87355491824101e-17 7.10119513604733e-17
229581.822747338 4.34458474383482e-17 4.2805928182311e-17 4.40857666943853e-17
291113.603071291 2.70102868215108e-17 2.66517071990052e-17 2.73688664440164e-17
369136.932876502 1.67896846261232e-17 1.65888133523242e-17 1.69905558999222e-17
468071.824112259 1.04344650258062e-17 1.03213611434007e-17 1.05475689082118e-17
593522.926087366 6.48319637255277e-18 6.41864553640604e-18 6.5477472086995e-18
752597.028157849 4.02689570336542e-18 3.98915912841792e-18 4.06463227831293e-18
954305.65846188 2.50021222847526e-18 2.47740324096433e-18 2.52302121598618e-18
1210075.58587031 1.55153590756988e-18 1.53723618682912e-18 1.56583562831064e-18
1534396.14502492 9.62201155104704e-19 9.52949868164415e-19 9.71452442044993e-19
1945640.05534746 5.96229848976138e-19 5.90118539534865e-19 6.02341158417411e-19
2467104.23331454 3.69070967886705e-19 3.64994542563662e-19 3.73147393209747e-19
3128329.55988436 2.28156752733104e-19 2.25435037574261e-19 2.30878467891946e-19
3966774.36773649 1.40809042058738e-19 1.39000504073659e-19 1.42617580043818e-19
5029936.45116879 8.67175288568284e-20 8.55254183896468e-20 8.790963932401e-20
6378043.81024912 5.32617666940445e-20 5.24832918539549e-20 5.40402415341342e-20
8087466.55954362 3.26019525173958e-20 3.20980191921011e-20 3.31058858426905e-20
10255043.285628 1.98698316433577e-20 1.95454728340329e-20 2.01941904526825e-20
13003566.9409974 1.20438158335244e-20 1.18348650545048e-20 1.22527666125441e-20
16488741.0495845 7.24962111824756e-21 7.11344351313927e-21 7.38579872335586e-21
20908000.2920645 4.32552407183171e-21 4.23454103808477e-21 4.41650710557866e-21
26511695.1560098 2.5521633418657e-21 2.48925776556786e-21 2.61506891816354e-21
33617274.2599379 1.48464848322725e-21 1.43972966815326e-21 1.52956729830124e-21
42627267.7781488 8.48271206039692e-22 8.15605762805758e-22 8.80936649273625e-22
54052090.7251378 4.73750956583193e-22 4.5001960916062e-22 4.97482304005765e-22
68538957.9028144 2.57049962850615e-22 2.40135507422114e-22 2.73964418279115e-22
86908548.5386981 1.34454086566295e-22 1.22806902749406e-22 1.46101270383184e-22
110201497.662297 6.7135939781677e-23 5.94940977960087e-23 7.47777817673454e-23
139737347.950364 3.16048256695442e-23 2.68949149479088e-23 3.63147363911797e-23
177189301.655759 1.38074151379043e-23 1.11246988592152e-23 1.64901314165934e-23
