112606.251051226 2.47300400365061e-16 2.43204430694594e-16 2.51396370035527e-16
142786.615593472 1.5297600383272e-16 1.50675644885242e-16 1.55276362780198e-16
181055.824186555 9.46143301999817e-17 9.33295923534178e-17 9.58990680465457e-17
229581.822747338 5.85070568390987e-17 5.77928004429186e-17 5.92213132352787e-17
291113.603071291 3.61705621290122e-17 3.57743255768927e-17 3.65667986811317e-17
369136.932876502 2.23547582412425e-17 2.21343972689895e-17 2.25751192134956e-17
468071.824112259 1.38107401604655e-17 1.36869268474326e-17 1.39345534734983e-17
593522.926087366 8.5280793212042e-18 8.45703574998032e-18 8.59912289242808e-18
752597.028157849 5.26278708876672e-18 5.22069485187147e-18 5.30487932566197e-18
954305.65846188 3.24517690469083e-18 3.21927203204106e-18 3.27108177734059e-18
1210075.58587031 1.99906676544983e-18 1.98255896795899e-18 2.01557456294068e-18
1534396.14502492 1.22989020225151e-18 1.21911208685924e-18 1.24066831764379e-18
1945640.05534746 7.55454178468471e-19 7.48333312318031e-19 7.62575044618911e-19
2467104.23331454 4.63090402265854e-19 4.58378352419283e-19 4.67802452112425e-19
3128329.55988436 2.83140723013444e-19 2.80039120055918e-19 2.86242325970971e-19
3966774.36773649 1.7255093812646e-19 1.7052813242116e-19 1.74573743831759e-19
5029936.45116879 1.04720025725182e-19 1.03414911959543e-19 1.06025139490822e-19
6378043.81024912 6.32202870283677e-20 6.23865229648089e-20 6.40540510919266e-20
8087466.55954362 3.79127153335843e-20 3.73832153005927e-20 3.8442215366576e-20
10255043.285628 2.2544376483648e-20 2.22073300700633e-20 2.28814228972328e-20
13003566.9409974 1.32626861682571e-20 1.3044940553932e-20 1.34804317825823e-20
16488741.0495845 7.69689755704707e-21 7.55228652858388e-21 7.84150858551026e-21
20908000.2920645 4.39043086573884e-21 4.29126118616242e-21 4.48960054531526e-21
26511695.1560098 2.45017787060934e-21 2.38063900650645e-21 2.51971673471222e-21
33617274.2599379 1.32996648994069e-21 1.28109928309949e-21 1.37883369678189e-21
42627267.7781488 6.96959429054134e-22 6.63295533343302e-22 7.30623324764966e-22
54052090.7251378 3.49304121845697e-22 3.2701472901775e-22 3.71593514673644e-22
68538957.9028144 1.65438922771388e-22 1.51503793759888e-22 1.79374051782888e-22
86908548.5386981 7.29333828742961e-23 6.48528567149801e-23 8.10139090336121e-23
110201497.662297 2.93577140127964e-23 2.50986452551122e-23 3.36167827704806e-23
139737347.950364 1.05302964291123e-23 8.5390978566649e-24 1.25214950015597e-23
177189301.655759 3.26332123733775e-24 2.46245832913828e-24 4.06418414553722e-24
