112606.251051226 6.12741264172928e-17 5.8854358939413e-17 6.36938938951726e-17
142786.615593472 3.78485625190657e-17 3.64743727379433e-17 3.9222752300188e-17
181055.824186555 2.3378767722122e-17 2.26023172120635e-17 2.41552182321806e-17
229581.822747338 1.44408846140301e-17 1.40043553699792e-17 1.48774138580809e-17
291113.603071291 8.9200219529217e-18 8.67567938888525e-18 9.16436451695814e-18
369136.932876502 5.50982717786595e-18 5.37345939782102e-18 5.64619495791087e-18
468071.824112259 3.4033760613823e-18 3.32726640690564e-18 3.47948571585895e-18
593522.926087366 2.10223754210607e-18 2.05953587609744e-18 2.14493920811469e-18
752597.028157849 1.29853448981176e-18 1.27425822789285e-18 1.32281075173067e-18
954305.65846188 8.02093516340527e-19 7.87968469276634e-19 8.16218563404421e-19
1210075.58587031 4.95445955573614e-19 4.8695825635544e-19 5.03933654791788e-19
1534396.14502492 3.06032303745897e-19 3.00746127906628e-19 3.11318479585165e-19
1945640.05534746 1.89033109411277e-19 1.85634914557882e-19 1.92431304264672e-19
2467104.23331454 1.16763742359075e-19 1.14530345822458e-19 1.18997138895691e-19
3128329.55988436 7.21236217160839e-20 7.06385468269723e-20 7.36086966051954e-20
3966774.36773649 4.45498532825664e-20 4.35591310089641e-20 4.55405755561688e-20
5029936.45116879 2.75178217668541e-20 2.68584058714859e-20 2.81772376622223e-20
6378043.81024912 1.69973254973472e-20 1.65608041618745e-20 1.74338468328199e-20
8087466.55954362 1.04989425630957e-20 1.02119011392512e-20 1.07859839869402e-20
10255043.285628 6.48497847196706e-21 6.29740686159895e-21 6.67255008233517e-21
13003566.9409974 4.00561306178531e-21 3.88350613181388e-21 4.12771999175674e-21
16488741.0495845 2.47415128291394e-21 2.39453683535671e-21 2.55376573047117e-21
20908000.2920645 1.52819738134331e-21 1.47571577001835e-21 1.58067899266827e-21
26511695.1560098 9.43903305944804e-22 9.08447778862411e-22 9.79358833027196e-22
33617274.2599379 5.83000652181064e-22 5.58095683554274e-22 6.07905620807854e-22
42627267.7781488 3.60082738830312e-22 3.41748104399206e-22 3.78417373261418e-22
54052090.7251378 2.22395030431989e-22 2.08302765744695e-22 2.36487295119283e-22
68538957.9028144 1.37351863272888e-22 1.26184741132362e-22 1.48518985413413e-22
86908548.5386981 8.48256448248106e-23 7.58271268967869e-23 9.38241627528343e-23
110201497.662297 5.23839691895927e-23 4.5085531557609e-23 5.96824068215764e-23
139737347.950364 3.23476341247261e-23 2.64253939763045e-23 3.82698742731476e-23
177189301.655759 1.99734121191216e-23 1.51802980023167e-23 2.47665262359264e-23
