112606.251051226 1.82045561705358e-16 1.78581368053404e-16 1.85509755357311e-16
142786.615593472 1.13015144458121e-16 1.1105080311491e-16 1.14979485801332e-16
181055.824186555 7.01560158113665e-17 6.90480235845606e-17 7.12640080381724e-17
229581.822747338 4.35469091293777e-17 4.29248907806816e-17 4.41689274780737e-17
291113.603071291 2.70274011828617e-17 2.6679335813984e-17 2.73754665517394e-17
369136.932876502 1.67723374338952e-17 1.65776054667589e-17 1.69670694010316e-17
468071.824112259 1.04066223106287e-17 1.02971014119808e-17 1.05161432092766e-17
593522.926087366 6.4555507711011e-18 6.3931084934293e-18 6.51799304877289e-18
752597.028157849 4.00349483171727e-18 3.96702445012111e-18 4.03996521331343e-18
954305.65846188 2.48196815159492e-18 2.45994395416814e-18 2.50399234902169e-18
1210075.58587031 1.53802768389096e-18 1.52423243733084e-18 1.55182293045107e-18
1534396.14502492 9.52560275517675e-19 9.43643503393956e-19 9.61477047641393e-19
1945640.05534746 5.8954494370674e-19 5.83659602144289e-19 5.9543028526919e-19
2467104.23331454 3.64549134091121e-19 3.60626125745302e-19 3.68472142436939e-19
3128329.55988436 2.25167992234637e-19 2.22549854543835e-19 2.27786129925439e-19
3966774.36773649 1.38879366771411e-19 1.37139872551679e-19 1.40618860991142e-19
5029936.45116879 8.55033731660708e-20 8.43565165547198e-20 8.66502297774218e-20
6378043.81024912 5.25209624802881e-20 5.17716131130044e-20 5.32703118475718e-20
8087466.55954362 3.21676283068532e-20 3.16821448576288e-20 3.26531117560775e-20
10255043.285628 1.96292552970728e-20 1.93164963731926e-20 1.99420142209529e-20
13003566.9409974 1.19222375119677e-20 1.17206497958453e-20 1.21238252280902e-20
16488741.0495845 7.19841004701532e-21 7.06706141328808e-21 7.32975868074256e-21
20908000.2920645 4.31370142540118e-21 4.22603276847516e-21 4.40137008232719e-21
26511695.1560098 2.5604901579504e-21 2.49991705307914e-21 2.62106326282166e-21
33617274.2599379 1.50157127940459e-21 1.45824384355876e-21 1.54489871525043e-21
42627267.7781488 8.67184426906242e-22 8.35488122672383e-22 8.98880731140101e-22
54052090.7251378 4.91174020305863e-22 4.67888498574201e-22 5.14459542037524e-22
68538957.9028144 2.7142835522092e-22 2.54550041569008e-22 2.88306668872832e-22
86908548.5386981 1.45379133711098e-22 1.33485215064156e-22 1.57273052358039e-22
110201497.662297 7.48407601548214e-23 6.67960082122199e-23 8.28855120974229e-23
139737347.950364 3.66396052212391e-23 3.14825442958905e-23 4.17966661465877e-23
177189301.655759 1.68302588246699e-23 1.37410241374863e-23 1.99194935118534e-23
