112606.251051226 1.2244039749758e-16 1.19243564099023e-16 1.25637230896136e-16
142786.615593472 7.59028372924406e-17 7.40964281624078e-17 7.77092464224734e-17
181055.824186555 4.7047775958151e-17 4.6032978801998e-17 4.8062573114304e-17
229581.822747338 2.91577498893676e-17 2.85907448390329e-17 2.97247549397022e-17
291113.603071291 1.80669564289654e-17 1.7751445849061e-17 1.83824670088697e-17
369136.932876502 1.11920484021832e-17 1.10166866436982e-17 1.13674101606683e-17
468071.824112259 6.93105323528277e-18 6.8331650297892e-18 7.02894144077634e-18
593522.926087366 4.29059773262805e-18 4.23523597623528e-18 4.34595948902083e-18
752597.028157849 2.6547242544246e-18 2.62263836754042e-18 2.68681014130878e-18
954305.65846188 1.64151912059358e-18 1.62226473316198e-18 1.66077350802518e-18
1210075.58587031 1.01420011237535e-18 1.00219313067345e-18 1.02620709407724e-18
1534396.14502492 6.25977976338374e-19 6.18241725319701e-19 6.33714227357047e-19
1945640.05534746 3.85863409920209e-19 3.80773552485281e-19 3.90953267355136e-19
2467104.23331454 2.3746355654129e-19 2.34085491854762e-19 2.40841621227818e-19
3128329.55988436 1.45833922654313e-19 1.43593289179307e-19 1.48074556129319e-19
3966774.36773649 8.93257506341633e-20 8.78492531678222e-20 9.08022481005043e-20
5029936.45116879 5.453117409163e-20 5.35676079995347e-20 5.54947401837253e-20
6378043.81024912 3.31493082965866e-20 3.25270707356896e-20 3.37715458574835e-20
8087466.55954362 2.00434639163347e-20 1.96451906790053e-20 2.0441737153664e-20
10255043.285628 1.20369079838801e-20 1.17829625444074e-20 1.22908534233528e-20
13003566.9409974 7.16652565786597e-21 7.00370212763629e-21 7.32934918809564e-21
16488741.0495845 4.22035799242028e-21 4.11400001795705e-21 4.32671596688351e-21
20908000.2920645 2.45111071127612e-21 2.37952457381885e-21 2.52269684873339e-21
26511695.1560098 1.3987311050702e-21 1.34903220149125e-21 1.44843000864914e-21
33617274.2599379 7.80575532038218e-22 7.45437245033956e-22 8.1571381904248e-22
42627267.7781488 4.23455507759695e-22 3.98674408396176e-22 4.48236607123214e-22
54052090.7251378 2.21625352809322e-22 2.04556721683931e-22 2.38693983934714e-22
68538957.9028144 1.1083422099828e-22 9.95637933762565e-23 1.22104648620304e-22
86908548.5386981 5.23209738528368e-23 4.53073873548789e-23 5.93345603507948e-23
110201497.662297 2.29567703796547e-23 1.89153642082623e-23 2.69981765510471e-23
139737347.950364 9.18046554852018e-24 7.06749137772823e-24 1.12934397193121e-23
177189301.655759 3.26393547502394e-24 2.28615505799008e-24 4.2417158920578e-24
