112606.251051226 2.3671900741726e-16 2.32868472324696e-16 2.40569542509825e-16
142786.615593472 1.47407510012138e-16 1.45218943213367e-16 1.4959607681091e-16
181055.824186555 9.17854013146651e-17 9.05478301774736e-17 9.30229724518565e-17
229581.822747338 5.71460779408666e-17 5.64493435613964e-17 5.78428123203368e-17
291113.603071291 3.55751734885941e-17 3.51839592313161e-17 3.5966387745872e-17
369136.932876502 2.21432522589952e-17 2.1923406857992e-17 2.23630976599984e-17
468071.824112259 1.37800827287068e-17 1.36557000583627e-17 1.3904465399051e-17
593522.926087366 8.57345306638382e-18 8.50197826134929e-18 8.64492787141835e-18
752597.028157849 5.33242458668996e-18 5.2902759198039e-18 5.37457325357602e-18
954305.65846188 3.31529733347714e-18 3.28958226118177e-18 3.34101240577251e-18
1210075.58587031 2.06017057804694e-18 2.04391545045948e-18 2.07642570563439e-18
1534396.14502492 1.27940673821697e-18 1.26882835613503e-18 1.28998512029891e-18
1945640.05534746 7.93898668967824e-19 7.86887034296878e-19 8.00910303638771e-19
2467104.23331454 4.92129002204567e-19 4.87445026361878e-19 4.96812978047256e-19
3128329.55988436 3.04671393750976e-19 3.01542852147209e-19 3.07799935354743e-19
3966774.36773649 1.88309760361294e-19 1.86231167843109e-19 1.90388352879478e-19
5029936.45116879 1.16147990840517e-19 1.1477815984177e-19 1.17517821839264e-19
6378043.81024912 7.14506963751187e-20 7.05561133967202e-20 7.23452793535173e-20
8087466.55954362 4.38077031477997e-20 4.32282029340158e-20 4.43872033615837e-20
10255043.285628 2.67457592068972e-20 2.63720723768005e-20 2.71194460369938e-20
13003566.9409974 1.62415237017718e-20 1.59999159843279e-20 1.64831314192158e-20
16488741.0495845 9.79582066063575e-21 9.63740474103045e-21 9.95423658024105e-21
20908000.2920645 5.85739295367827e-21 5.75066335345673e-21 5.96412255389982e-21
26511695.1560098 3.46427350548945e-21 3.38978516612995e-21 3.53876184484896e-21
33617274.2599379 2.020643266284e-21 1.96699706432652e-21 2.07428946824148e-21
42627267.7781488 1.15803198734293e-21 1.11875730089901e-21 1.19730667378686e-21
54052090.7251378 6.49016125264101e-22 6.20336896012126e-22 6.77695354516076e-22
68538957.9028144 3.53586567700774e-22 3.33056761827003e-22 3.74116373574544e-22
86908548.5386981 1.85842994067209e-22 1.71644706740572e-22 2.00041281393846e-22
110201497.662297 9.33315450956679e-23 8.39694178902343e-23 1.02693672301102e-22
139737347.950364 4.42429770205635e-23 3.84375757655118e-23 5.00483782756153e-23
177189301.655759 1.94928636030996e-23 1.61608557894132e-23 2.2824871416786e-23
