112606.251051226 1.82842688722747e-16 1.79214742612738e-16 1.86470634832756e-16
142786.615593472 1.13230020783112e-16 1.11169726019397e-16 1.15290315546826e-16
181055.824186555 7.01205864944993e-17 6.89561671156828e-17 7.12850058733158e-17
229581.822747338 4.34239622320212e-17 4.27687122946941e-17 4.40792121693483e-17
291113.603071291 2.6891393026692e-17 2.65238066843069e-17 2.72589793690772e-17
369136.932876502 1.6653176322188e-17 1.64470846078522e-17 1.68592680365238e-17
468071.824112259 1.03128991253425e-17 1.01969000299085e-17 1.04288982207766e-17
593522.926087366 6.38652099216888e-18 6.32051557265402e-18 6.45252641168375e-18
752597.028157849 3.95501169687137e-18 3.91669113917063e-18 3.99333225457212e-18
954305.65846188 2.44923814900602e-18 2.4263296253166e-18 2.47214667269544e-18
1210075.58587031 1.51675006986228e-18 1.50257555590475e-18 1.53092458381981e-18
1534396.14502492 9.39283588381561e-19 9.30223363698392e-19 9.48343813064731e-19
1945640.05534746 5.81673216998064e-19 5.75738045992095e-19 5.87608388004033e-19
2467104.23331454 3.60214276747559e-19 3.56269570516733e-19 3.64158982978386e-19
3128329.55988436 2.23070514568991e-19 2.2043382271406e-19 2.25707206423921e-19
3966774.36773649 1.38141016325696e-19 1.36379646539469e-19 1.39902386111922e-19
5029936.45116879 8.55464808773672e-20 8.43750703276137e-20 8.67178914271207e-20
6378043.81024912 5.29761524297103e-20 5.22021339566763e-20 5.37501709027443e-20
8087466.55954362 3.28062891339676e-20 3.22984572420046e-20 3.33141210259305e-20
10255043.285628 2.0315701055992e-20 1.99845806945052e-20 2.06468214174788e-20
13003566.9409974 1.25806765278768e-20 1.23655141930003e-20 1.27958388627532e-20
16488741.0495845 7.79063717984777e-21 7.65049248021909e-21 7.93078187947645e-21
20908000.2920645 4.82433997903831e-21 4.7319189861662e-21 4.91676097191042e-21
26511695.1560098 2.9874296580775e-21 2.92483506888192e-21 3.05002424727308e-21
33617274.2599379 1.84991148271929e-21 1.80573242427855e-21 1.89409054116002e-21
42627267.7781488 1.14550222560662e-21 1.11277572661431e-21 1.17822872459893e-21
54052090.7251378 7.09300782612057e-22 6.83990636971831e-22 7.34610928252283e-22
68538957.9028144 4.39189190406214e-22 4.19028610948799e-22 4.59349769863629e-22
86908548.5386981 2.71929286656554e-22 2.5561871196532e-22 2.88239861347789e-22
110201497.662297 1.68360009860219e-22 1.55089934113069e-22 1.81630085607369e-22
139737347.950364 1.0423049230085e-22 9.34352697708398e-23 1.1502571483086e-22
177189301.655759 6.45232532548213e-23 5.57666668239752e-23 7.32798396856673e-23
