112606.251051226 2.40055466303637e-16 2.36060838060729e-16 2.44050094546546e-16
142786.615593472 1.48867980703387e-16 1.46615287117641e-16 1.51120674289133e-16
181055.824186555 9.23074760522026e-17 9.10440110080893e-17 9.35709410963158e-17
229581.822747338 5.72273757805328e-17 5.6521941087568e-17 5.79328104734976e-17
291113.603071291 3.54718443716611e-17 3.50789027365396e-17 3.58647860067826e-17
369136.932876502 2.19812999000381e-17 2.17620088094113e-17 2.22005909906648e-17
468071.824112259 1.36170509539258e-17 1.34935570913931e-17 1.37405448164584e-17
593522.926087366 8.4320921695989e-18 8.36119944463685e-18 8.50298489456095e-18
752597.028157849 5.2187040709562e-18 5.17676434749407e-18 5.26064379441834e-18
954305.65846188 3.22778610068183e-18 3.20204276475874e-18 3.25352943660492e-18
1210075.58587031 1.99473460912549e-18 1.97836636538607e-18 2.01110285286491e-18
1534396.14502492 1.23142185192128e-18 1.22074163958445e-18 1.24210206425811e-18
1945640.05534746 7.59183958081725e-19 7.52118228300592e-19 7.66249687862859e-19
2467104.23331454 4.67250476861466e-19 4.62560197836117e-19 4.71940755886815e-19
3128329.55988436 2.86957382736199e-19 2.83856064811835e-19 2.90058700660563e-19
3966774.36773649 1.75751626600274e-19 1.73717801575967e-19 1.77785451624581e-19
5029936.45116879 1.07269885678359e-19 1.05949688690005e-19 1.08590082666713e-19
6378043.81024912 6.5185325278464e-20 6.43368826795361e-20 6.60337678773919e-20
8087466.55954362 3.93916753087924e-20 3.88502118560716e-20 3.99331387615133e-20
10255043.285628 2.36370762563159e-20 2.32915461372111e-20 2.39826063754208e-20
13003566.9409974 1.40571149701838e-20 1.38340651972589e-20 1.42801647431086e-20
16488741.0495845 8.26551709402159e-21 8.1178255731097e-21 8.41320861493348e-21
20908000.2920645 4.79064843477329e-21 4.68946588841015e-21 4.89183098113644e-21
26511695.1560098 2.72642796744372e-21 2.65504023022239e-21 2.79781570466505e-21
33617274.2599379 1.51616092050416e-21 1.46518056916613e-21 1.56714127184219e-21
42627267.7781488 8.18756869791596e-22 7.82696287201501e-22 8.54817452381691e-22
54052090.7251378 4.25998468828915e-22 4.01230517104115e-22 4.50766420553714e-22
68538957.9028144 2.11433747792162e-22 1.95195746027415e-22 2.2767174955691e-22
86908548.5386981 9.88468781023388e-23 8.88485983018813e-23 1.08845157902796e-22
110201497.662297 4.28362602487461e-23 3.71544011622715e-23 4.85181193352206e-23
139737347.950364 1.68613208492647e-23 1.39420788772381e-23 1.97805628212912e-23
177189301.655759 5.87500740660193e-24 4.55319294466342e-24 7.19682186854045e-24
