112606.251051226 1.78075350371124e-16 1.74517685789505e-16 1.81633014952743e-16
142786.615593472 1.10606444853197e-16 1.08594770421873e-16 1.1261811928452e-16
181055.824186555 6.86905417393554e-17 6.75596280447897e-17 6.9821455433921e-17
229581.822747338 4.26517858107413e-17 4.2019334385697e-17 4.32842372357857e-17
291113.603071291 2.64777353243808e-17 2.61253202243765e-17 2.68301504243851e-17
369136.932876502 1.64324335853037e-17 1.62360951462347e-17 1.66287720243728e-17
468071.824112259 1.01945372396158e-17 1.00844891947531e-17 1.03045852844786e-17
593522.926087366 6.32173191495813e-18 6.25907843019207e-18 6.38438539972419e-18
752597.028157849 3.91791257973851e-18 3.88125506390119e-18 3.95457009557583e-18
954305.65846188 2.42636728201616e-18 2.40411864574486e-18 2.44861591828746e-18
1210075.58587031 1.501262196112e-18 1.48723333432556e-18 1.51529105789844e-18
1534396.14502492 9.27784422754413e-19 9.18664474161835e-19 9.36904371346991e-19
1945640.05534746 5.72521204130784e-19 5.66484032563957e-19 5.7855837569761e-19
2467104.23331454 3.52628086500212e-19 3.48605901738176e-19 3.56650271262247e-19
3128329.55988436 2.16672351842009e-19 2.1399814978917e-19 2.19346553894848e-19
3966774.36773649 1.32731184518815e-19 1.30966026857422e-19 1.34496342180208e-19
5029936.45116879 8.09976292494739e-20 7.98438248462208e-20 8.21514336527269e-20
6378043.81024912 4.91874020900856e-20 4.84407439140099e-20 4.99340602661613e-20
8087466.55954362 2.96858923383742e-20 2.92064830225647e-20 3.01653016541838e-20
10255043.285628 1.77762952899897e-20 1.74692292697322e-20 1.80833613102471e-20
13003566.9409974 1.05393714615728e-20 1.03413733136536e-20 1.07373696094919e-20
16488741.0495845 6.17039918521633e-21 6.04041068998276e-21 6.30038768044991e-21
20908000.2920645 3.55524502672459e-21 3.46765464656595e-21 3.64283540688322e-21
26511695.1560098 2.00734904469786e-21 1.9469000990849e-21 2.06779799031082e-21
33617274.2599379 1.10462280597669e-21 1.06248145076958e-21 1.1467641611838e-21
42627267.7781488 5.8837091622341e-22 5.59282784492374e-22 6.17459047954445e-22
54052090.7251378 3.00705230839083e-22 2.81227166596004e-22 3.20183295082161e-22
68538957.9028144 1.45838825169314e-22 1.33422241343258e-22 1.5825540899537e-22
86908548.5386981 6.61832817449366e-23 5.8785409225795e-23 7.35811542640782e-23
110201497.662297 2.76078277627571e-23 2.35691095615281e-23 3.1646545963986e-23
139737347.950364 1.03494654028003e-23 8.37571970905988e-24 1.23232110965408e-23
177189301.655759 3.38820615535129e-24 2.54914219654486e-24 4.22727011415773e-24
