112606.251051226 2.36103724681161e-16 2.32277529303971e-16 2.39929920058351e-16
142786.615593472 1.46907994010571e-16 1.44734312091031e-16 1.49081675930111e-16
181055.824186555 9.14039751885304e-17 9.01755222410992e-17 9.26324281359615e-17
229581.822747338 5.68663896957964e-17 5.61753046992573e-17 5.75574746923355e-17
291113.603071291 3.53760511726691e-17 3.49884199485356e-17 3.57636823968027e-17
369136.932876502 2.20047424598836e-17 2.17872510446734e-17 2.22222338750939e-17
468071.824112259 1.36856028891141e-17 1.35628321392589e-17 1.38083736389692e-17
593522.926087366 8.51013391543662e-18 8.43980324431527e-18 8.58046458655798e-18
752597.028157849 5.29070467279251e-18 5.24938250808977e-18 5.33202683749524e-18
954305.65846188 3.28828733596042e-18 3.26316527660756e-18 3.31340939531328e-18
1210075.58587031 2.04302045480507e-18 2.02717945469755e-18 2.05886145491259e-18
1534396.14502492 1.26876532713487e-18 1.25846534727658e-18 1.27906530699316e-18
1945640.05534746 7.87487060879549e-19 7.80654814665102e-19 7.94319307093996e-19
2467104.23331454 4.88419543919895e-19 4.83845947851378e-19 4.92993139988412e-19
3128329.55988436 3.02653961539791e-19 2.9958972784666e-19 3.05718195232921e-19
3966774.36773649 1.87325631371695e-19 1.85281850116694e-19 1.89369412626696e-19
5029936.45116879 1.15773959138092e-19 1.14420932295598e-19 1.17126985980585e-19
6378043.81024912 7.14194716796892e-20 7.05313912046878e-20 7.23075521546905e-20
8087466.55954362 4.39539499972359e-20 4.33756537431116e-20 4.45322462513601e-20
10255043.285628 2.69699498792362e-20 2.65952798865363e-20 2.73446198719361e-20
13003566.9409974 1.6485994687478e-20 1.62430026111011e-20 1.67289867638549e-20
16488741.0495845 1.00290888199901e-20 9.86972286189597e-21 1.01884547780842e-20
20908000.2920645 6.06400150247855e-21 5.9569044699138e-21 6.1710985350433e-21
26511695.1560098 3.63830230327506e-21 3.56374579750682e-21 3.7128588090433e-21
33617274.2599379 2.16162238485949e-21 2.10778932791698e-21 2.215455441802e-21
42627267.7781488 1.26841424791012e-21 1.22852986145358e-21 1.30829863436666e-21
54052090.7251378 7.32648056288307e-22 7.02840033852415e-22 7.624560787242e-22
68538957.9028144 4.14808445666651e-22 3.92708368341104e-22 4.36908522992199e-22
86908548.5386981 2.28976402726639e-22 2.12942887644225e-22 2.45009917809054e-22
110201497.662297 1.22397967338235e-22 1.11144717312069e-22 1.33651217364401e-22
139737347.950364 6.2814021512619e-23 5.52551063039806e-23 7.03729367212574e-23
177189301.655759 3.06121421173907e-23 2.58093491001256e-23 3.54149351346557e-23
