112606.251051226 2.37665342952046e-16 2.33750551538111e-16 2.41580134365981e-16
142786.615593472 1.48029664767036e-16 1.45806094618326e-16 1.50253234915746e-16
181055.824186555 9.21929600865422e-17 9.09366760416836e-17 9.34492441314007e-17
229581.822747338 5.74121462828622e-17 5.67056260018234e-17 5.81186665639011e-17
291113.603071291 3.57482928042273e-17 3.5352084047845e-17 3.61445015606096e-17
369136.932876502 2.22555188533489e-17 2.20331807122926e-17 2.24778569944053e-17
468071.824112259 1.38526388704846e-17 1.37270220191947e-17 1.39782557217744e-17
593522.926087366 8.62017708051697e-18 8.54807135998373e-18 8.69228280105021e-18
752597.028157849 5.36239705361035e-18 5.31989234781597e-18 5.40490175940473e-18
954305.65846188 3.33444141533932e-18 3.30849440033919e-18 3.36038843033945e-18
1210075.58587031 2.07233840526425e-18 2.05591477656495e-18 2.08876203396355e-18
1534396.14502492 1.2870961867956e-18 1.27639127397127e-18 1.29780109961993e-18
1945640.05534746 7.98724647418441e-19 7.91619929136085e-19 8.05829365700797e-19
2467104.23331454 4.95132346886926e-19 4.90382832382487e-19 4.99881861391365e-19
3128329.55988436 3.06520732606535e-19 3.03348433974114e-19 3.09693031238956e-19
3966774.36773649 1.89433064891377e-19 1.87326985098839e-19 1.91539144683916e-19
5029936.45116879 1.16818078097389e-19 1.15432233988209e-19 1.18203922206569e-19
6378043.81024912 7.18406556487142e-20 7.09376872855399e-20 7.27436240118885e-20
8087466.55954362 4.40267323994732e-20 4.34435747039151e-20 4.46098900950313e-20
10255043.285628 2.68622732525098e-20 2.64875762628323e-20 2.72369702421873e-20
13003566.9409974 1.62980129662967e-20 1.60566207399646e-20 1.65394051926287e-20
16488741.0495845 9.81837645635144e-21 9.66050097264281e-21 9.97625194006007e-21
20908000.2920645 5.86179317111899e-21 5.75545130455947e-21 5.9681350376785e-21
26511695.1560098 3.45985595013966e-21 3.38546093806904e-21 3.53425096221029e-21
33617274.2599379 2.01276011103227e-21 1.95898395628164e-21 2.06653626578289e-21
42627267.7781488 1.14959725529762e-21 1.11010997914204e-21 1.18908453145319e-21
54052090.7251378 6.41475785767518e-22 6.12614152009798e-22 6.70337419525238e-22
68538957.9028144 3.4752300745392e-22 3.26895956376265e-22 3.68150058531575e-22
86908548.5386981 1.81349603502667e-22 1.67145453121897e-22 1.95553753883437e-22
110201497.662297 9.02440783172507e-23 8.09447390218487e-23 9.95434176126527e-23
139737347.950364 4.22824781033942e-23 3.65748374371342e-23 4.79901187696543e-23
177189301.655759 1.83539838442297e-23 1.51231671491899e-23 2.15848005392694e-23
