112606.251051226 6.32576675963354e-17 6.07292994677741e-17 6.57860357248968e-17
142786.615593472 3.90844084957449e-17 3.76487370206849e-17 4.05200799708049e-17
181055.824186555 2.41484523715677e-17 2.33375200597617e-17 2.49593846833738e-17
229581.822747338 1.49200135223803e-17 1.44643605624694e-17 1.53756664822912e-17
291113.603071291 9.21810644374482e-18 8.96329968149292e-18 9.47291320599672e-18
369136.932876502 5.69514547815558e-18 5.55314377534263e-18 5.83714718096854e-18
468071.824112259 3.51848746774447e-18 3.43940175981443e-18 3.59757317567451e-18
593522.926087366 2.17366235130091e-18 2.12942119705194e-18 2.21790350554988e-18
752597.028157849 1.34279277731446e-18 1.31773492153753e-18 1.36785063309138e-18
954305.65846188 8.29471775326075e-19 8.14952327460018e-19 8.43991223192133e-19
1210075.58587031 5.12346082400527e-19 5.03654576896942e-19 5.21037587904111e-19
1534396.14502492 3.16436199798277e-19 3.11037614317662e-19 3.21834785278892e-19
1945640.05534746 1.9541565998984e-19 1.91949669129396e-19 1.98881650850285e-19
2467104.23331454 1.20661787157365e-19 1.18384373766296e-19 1.22939200548433e-19
3128329.55988436 7.44904322403558e-20 7.29757717349251e-20 7.60050927457864e-20
3966774.36773649 4.59758999493459e-20 4.49652961479465e-20 4.69865037507452e-20
5029936.45116879 2.83682090687618e-20 2.76957231976167e-20 2.90406949399068e-20
6378043.81024912 1.74973069482783e-20 1.70524814509186e-20 1.7942132445638e-20
8087466.55954362 1.07870971743504e-20 1.04949900656244e-20 1.10792042830765e-20
10255043.285628 6.64625305293382e-21 6.45571898242601e-21 6.83678712344164e-21
13003566.9409974 4.09183466272408e-21 3.96805049435907e-21 4.21561883108908e-21
16488741.0495845 2.51674647674378e-21 2.4361782047082e-21 2.59731474877935e-21
20908000.2920645 1.54606779233683e-21 1.49299865024321e-21 1.59913693443044e-21
26511695.1560098 9.48293110284586e-22 9.12421954251618e-22 9.84164266317554e-22
33617274.2599379 5.80498021924105e-22 5.55278535349405e-22 6.05717508498805e-22
42627267.7781488 3.54465180796916e-22 3.35923181350023e-22 3.73007180243809e-22
54052090.7251378 2.15759647053364e-22 2.01599265177108e-22 2.29920028929621e-22
68538957.9028144 1.30804241802861e-22 1.19731270233735e-22 1.41877213371987e-22
86908548.5386981 7.88970374205854e-23 7.01580921314542e-23 8.76359827097166e-23
110201497.662297 4.72817754802563e-23 4.03953044958871e-23 5.41682464646254e-23
139737347.950364 2.81040604895228e-23 2.27237642267466e-23 3.3484356752299e-23
177189301.655759 1.65322907685314e-23 1.2384498259922e-23 2.06800832771407e-23
