112606.251051226 6.38481563372482e-17 6.13454375813689e-17 6.63508750931275e-17
142786.615593472 3.93295725231787e-17 3.79127037774261e-17 4.07464412689313e-17
181055.824186555 2.42264653902639e-17 2.34283968427234e-17 2.50245339378044e-17
229581.822747338 1.49231615665398e-17 1.44758666033657e-17 1.53704565297138e-17
291113.603071291 9.1924562081011e-18 8.94284368053793e-18 9.44206873566428e-18
369136.932876502 5.66242192215876e-18 5.52351133632423e-18 5.80133250799329e-18
468071.824112259 3.487970417679e-18 3.41064025093623e-18 3.56530058442178e-18
593522.926087366 2.1485390131473e-18 2.10524268847708e-18 2.19183533781752e-18
752597.028157849 1.32346831713566e-18 1.29888844701041e-18 1.34804818726091e-18
954305.65846188 8.15236599834111e-19 8.00944443168931e-19 8.29528756499291e-19
1210075.58587031 5.02173226065889e-19 4.93586707834041e-19 5.10759744297737e-19
1534396.14502492 3.09330783430502e-19 3.03984373308714e-19 3.14677193552289e-19
1945640.05534746 1.90542716015165e-19 1.87108634232218e-19 1.93976797798112e-19
2467104.23331454 1.17371075088827e-19 1.15117742288379e-19 1.19624407889275e-19
3128329.55988436 7.22984866709424e-20 7.0803644403147e-20 7.37933289387378e-20
3966774.36773649 4.45344980232342e-20 4.35400954758085e-20 4.552890057066e-20
5029936.45116879 2.74323453870786e-20 2.67725813894842e-20 2.8092109384673e-20
6378043.81024912 1.6897718904063e-20 1.64624409927325e-20 1.73329968153936e-20
8087466.55954362 1.04085840441029e-20 1.01233572689661e-20 1.06938108192396e-20
10255043.285628 6.41140535368569e-21 6.22567460029916e-21 6.59713610707222e-21
13003566.9409974 3.9492287933745e-21 3.82873676318408e-21 4.06972082356493e-21
16488741.0495845 2.43258572987667e-21 2.35427634512199e-21 2.51089511463135e-21
20908000.2920645 1.49837306695083e-21 1.44689193211869e-21 1.54985420178296e-21
26511695.1560098 9.22925440334645e-22 8.88213061422055e-22 9.57637819247235e-22
33617274.2599379 5.68468957684887e-22 5.44111964598321e-22 5.92825950771453e-22
42627267.7781488 3.50137494904381e-22 3.32216032184695e-22 3.68058957624066e-22
54052090.7251378 2.15655231874459e-22 2.01889261657829e-22 2.29421202091089e-22
68538957.9028144 1.32821407769931e-22 1.21925295907063e-22 1.43717519632798e-22
86908548.5386981 8.18011288215385e-23 7.30360547722619e-23 9.05662028708152e-23
110201497.662297 5.03766324578714e-23 4.32829198200042e-23 5.74703450957387e-23
139737347.950364 3.10221473301794e-23 2.52801778743191e-23 3.67641167860397e-23
177189301.655759 1.91020597953616e-23 1.44670821266277e-23 2.37370374640955e-23
