112606.251051226 1.2187351997952e-16 1.18680299513812e-16 1.25066740445228e-16
142786.615593472 7.54518720611884e-17 7.36485236773859e-17 7.72552204449908e-17
181055.824186555 4.67074378159137e-17 4.56948455188837e-17 4.77200301129436e-17
229581.822747338 2.89098250933209e-17 2.83442873202314e-17 2.94753628664105e-17
291113.603071291 1.78909379022311e-17 1.75763737526548e-17 1.82055020518074e-17
369136.932876502 1.10695442235333e-17 1.08948022813714e-17 1.12442861656952e-17
468071.824112259 6.84716770760339e-18 6.74971148634975e-18 6.94462392885702e-18
593522.926087366 4.23395125961887e-18 4.17891816764233e-18 4.2889843515954e-18
752597.028157849 2.61694856055587e-18 2.58513043362183e-18 2.6487666874899e-18
954305.65846188 1.61662476883487e-18 1.59759249324416e-18 1.63565704442558e-18
1210075.58587031 9.9798708191546e-19 9.86159304984824e-19 1.0098148588461e-18
1534396.14502492 6.15548527642988e-19 6.0794969850644e-19 6.23147356779535e-19
1945640.05534746 3.79245088603816e-19 3.74254931463109e-19 3.84235245744524e-19
2467104.23331454 2.33329341185891e-19 2.3001991103027e-19 2.36638771341512e-19
3128329.55988436 1.43300411256485e-19 1.41104742337562e-19 1.45496080175409e-19
3966774.36773649 8.78107098067681e-20 8.63622495098077e-20 8.92591701037286e-20
5029936.45116879 5.36546515711629e-20 5.27076817271185e-20 5.46016214152073e-20
6378043.81024912 3.26659074131914e-20 3.20529719501837e-20 3.32788428761992e-20
8087466.55954362 1.97964840008756e-20 1.94031784506948e-20 2.01897895510564e-20
10255043.285628 1.19275970758456e-20 1.16762763665169e-20 1.21789177851743e-20
13003566.9409974 7.13364925522559e-21 6.9723355914884e-21 7.29496291896277e-21
16488741.0495845 4.22673627232988e-21 4.12140976921828e-21 4.33206277544149e-21
20908000.2920645 2.47481968448135e-21 2.40399680610177e-21 2.54564256286093e-21
26511695.1560098 1.42739891313205e-21 1.37817193549833e-21 1.47662589076576e-21
33617274.2599379 8.0771589524831e-22 7.72691172322112e-22 8.42740618174507e-22
42627267.7781488 4.46130483967835e-22 4.21102723162927e-22 4.71158244772742e-22
54052090.7251378 2.38967211428715e-22 2.21369193835671e-22 2.56565229021758e-22
68538957.9028144 1.23116442499005e-22 1.11157876494797e-22 1.35075008503213e-22
86908548.5386981 6.03762308936674e-23 5.26469027982211e-23 6.81055589891137e-23
110201497.662297 2.7812826400144e-23 2.31357448184307e-23 3.24899079818574e-23
139737347.950364 1.18350802171354e-23 9.23202255724107e-24 1.44381378770297e-23
177189301.655759 4.55418056738524e-24 3.24983827185642e-24 5.85852286291406e-24
