112606.251051226 1.75288766906541e-16 1.7183667223192e-16 1.78740861581162e-16
142786.615593472 1.09184741785879e-16 1.07216258872753e-16 1.11153224699004e-16
181055.824186555 6.80066360282065e-17 6.68898658356531e-17 6.91234062207599e-17
229581.822747338 4.23562151522219e-17 4.17255846288961e-17 4.29868456755477e-17
291113.603071291 2.63786894148306e-17 2.6023787794071e-17 2.67335910355901e-17
369136.932876502 1.64267450460302e-17 1.62271744337845e-17 1.66263156582759e-17
468071.824112259 1.0228264025869e-17 1.01155997324657e-17 1.03409283192723e-17
593522.926087366 6.36783233389517e-18 6.30350450522882e-18 6.43216016256153e-18
752597.028157849 3.96373225601525e-18 3.92622073927388e-18 4.00124377275662e-18
954305.65846188 2.46671722398789e-18 2.44416370689894e-18 2.48927074107684e-18
1210075.58587031 1.53465450334538e-18 1.52060523239278e-18 1.54870377429797e-18
1534396.14502492 9.54431764983591e-19 9.45390014939071e-19 9.6347351502811e-19
1945640.05534746 5.93307846599183e-19 5.87349835024679e-19 5.99265858173686e-19
2467104.23331454 3.68606414093451e-19 3.64629635809499e-19 3.72583192377403e-19
3128329.55988436 2.28836671798058e-19 2.2617222503622e-19 2.31501118559896e-19
3966774.36773649 1.41932716256865e-19 1.40151957419627e-19 1.43713475094103e-19
5029936.45116879 8.79275130413276e-20 8.67447685334728e-20 8.91102575491824e-20
6378043.81024912 5.43894319943579e-20 5.36101781427735e-20 5.51686858459423e-20
8087466.55954362 3.35797008775838e-20 3.30704586563888e-20 3.40889430987788e-20
10255043.285628 2.06818756685048e-20 2.03511706261284e-20 2.10125807108811e-20
13003566.9409974 1.26990905388353e-20 1.24846703022118e-20 1.29135107754587e-20
16488741.0495845 7.7672689339929e-21 7.62726336362001e-21 7.90727450436579e-21
20908000.2920645 4.72742834077397e-21 4.63419465533037e-21 4.82066202621758e-21
26511695.1560098 2.85936197854691e-21 2.79519661085753e-21 2.9235273462363e-21
33617274.2599379 1.71582865601628e-21 1.66989949495808e-21 1.76175781707447e-21
42627267.7781488 1.01933625786653e-21 9.85349025479362e-22 1.0533234902537e-21
54052090.7251378 5.97903263741377e-22 5.72301014210893e-22 6.2350551327186e-22
68538957.9028144 3.45089790760757e-22 3.25793778194162e-22 3.64385803327353e-22
86908548.5386981 1.95137900960038e-22 1.80797719230194e-22 2.09478082689883e-22
110201497.662297 1.07516807733115e-22 9.71287588023506e-23 1.1790485666388e-22
139737347.950364 5.73210947381977e-23 5.00587075130024e-23 6.45834819633929e-23
177189301.655759 2.93105683754543e-23 2.4459539431164e-23 3.41615973197445e-23
