112606.251051226 1.18601318583518e-16 1.15485653219496e-16 1.21716983947539e-16
142786.615593472 7.37193427576954e-17 7.19517686370249e-17 7.54869168783658e-17
181055.824186555 4.58172681240851e-17 4.48201972663632e-17 4.68143389818071e-17
229581.822747338 2.8472190368465e-17 2.79127540748258e-17 2.90316266621042e-17
291113.603071291 1.76905565953587e-17 1.73779693939969e-17 1.80031437967204e-17
369136.932876502 1.09893498193251e-17 1.08149477906563e-17 1.11637518479938e-17
468071.824112259 6.82477328440876e-18 6.72712116066936e-18 6.92242540814815e-18
593522.926087366 4.23701071829832e-18 4.18168692422022e-18 4.29233451237642e-18
752597.028157849 2.62934252063324e-18 2.59728197163628e-18 2.66140306963021e-18
954305.65846188 1.63080408993155e-18 1.61159912723821e-18 1.65000905262489e-18
1210075.58587031 1.01079015489495e-18 9.98842365115842e-19 1.02273794467406e-18
1534396.14502492 6.25958616645869e-19 6.1827231704896e-19 6.33644916242778e-19
1945640.05534746 3.87217745014632e-19 3.82159868649441e-19 3.92275621379823e-19
2467104.23331454 2.39200777123512e-19 2.35837246842256e-19 2.42564307404768e-19
3128329.55988436 1.47504816409159e-19 1.45266006761513e-19 1.49743626056805e-19
3966774.36773649 9.07572665264422e-20 8.9275164636464e-20 9.22393684164203e-20
5029936.45116879 5.56837728927538e-20 5.47113918451388e-20 5.66561539403688e-20
6378043.81024912 3.40422946914788e-20 3.34108394053809e-20 3.46737499775767e-20
8087466.55954362 2.07173692006177e-20 2.03110600650558e-20 2.11236783361796e-20
10255043.285628 1.25356488653722e-20 1.22755272364077e-20 1.27957704943366e-20
13003566.9409974 7.52981781480572e-21 7.36273046856909e-21 7.69690516104234e-21
16488741.0495845 4.48122467768487e-21 4.37215930823175e-21 4.59029004713799e-21
20908000.2920645 2.63575291413121e-21 2.56244743707929e-21 2.70905839118313e-21
26511695.1560098 1.52735632145003e-21 1.47636218698908e-21 1.57835045591097e-21
33617274.2599379 8.68498447915566e-22 8.32110160501354e-22 9.04886735329778e-22
42627267.7781488 4.82159939316652e-22 4.56030699519238e-22 5.08289179114066e-22
54052090.7251378 2.59667414665191e-22 2.41180783914613e-22 2.78154045415768e-22
68538957.9028144 1.34558567692471e-22 1.21908127428455e-22 1.47209007956486e-22
86908548.5386981 6.64030850898185e-23 5.81648041609236e-23 7.46413660187134e-23
110201497.662297 3.08007751686425e-23 2.57754750262216e-23 3.58260753110635e-23
139737347.950364 1.32075094867202e-23 1.03862979429342e-23 1.60287210305062e-23
177189301.655759 5.12652357475071e-24 3.69937348343784e-24 6.55367366606358e-24
