112606.251051226 6.26740804693622e-17 6.02064236964919e-17 6.51417372422325e-17
142786.615593472 3.88157648974855e-17 3.74146898576575e-17 4.02168399373134e-17
181055.824186555 2.4039551573334e-17 2.32484964604788e-17 2.48306066861892e-17
229581.822747338 1.48881962494093e-17 1.44440541366266e-17 1.5332338362192e-17
291113.603071291 9.22050375438978e-18 8.97239922713236e-18 9.46860828164719e-18
369136.932876502 5.71035631520771e-18 5.57225510982468e-18 5.84845752059073e-18
468071.824112259 3.53644321595348e-18 3.45960072200863e-18 3.61328570989833e-18
593522.926087366 2.19009891733301e-18 2.14710721004541e-18 2.2330906246206e-18
752597.028157849 1.35629014643115e-18 1.3318826977507e-18 1.3806975951116e-18
954305.65846188 8.39906860936055e-19 8.25682540464254e-19 8.54131181407857e-19
1210075.58587031 5.20111579085869e-19 5.11516115226904e-19 5.28707042944835e-19
1534396.14502492 3.2206628852818e-19 3.16664783495403e-19 3.27467793560958e-19
1945640.05534746 1.99421925539719e-19 1.95914001188586e-19 2.02929849890853e-19
2467104.23331454 1.23473504628067e-19 1.21146505368252e-19 1.25800503887881e-19
3128329.55988436 7.64435248049699e-20 7.48850633763048e-20 7.8001986233635e-20
3966774.36773649 4.73221639045641e-20 4.62774633169788e-20 4.83668644921493e-20
5029936.45116879 2.92909808081527e-20 2.85937905620243e-20 2.9988171054281e-20
6378043.81024912 1.81273380706609e-20 1.76654264665597e-20 1.85892496747621e-20
8087466.55954362 1.12162171584373e-20 1.09126517016839e-20 1.15197826151907e-20
10255043.285628 6.93821129309993e-21 6.74010938587512e-21 7.13631320032474e-21
13003566.9409974 4.29049649250466e-21 4.16167036585883e-21 4.41932261915049e-21
16488741.0495845 2.65209261310326e-21 2.56799939512589e-21 2.73618583108064e-21
20908000.2920645 1.63848691891111e-21 1.58270445548877e-21 1.69426938233346e-21
26511695.1560098 1.0116018888105e-21 9.73381357802675e-22 1.04982241981833e-21
33617274.2599379 6.24038742350839e-22 5.96605806105514e-22 6.51471678596164e-22
42627267.7781488 3.84548381974869e-22 3.63864936145869e-22 4.0523182780387e-22
54052090.7251378 2.36648624143223e-22 2.20440138056866e-22 2.52857110229579e-22
68538957.9028144 1.45382912073369e-22 1.32394407743823e-22 1.58371416402915e-22
86908548.5386981 8.91209539159139e-23 7.86251565577874e-23 9.96167512740404e-23
110201497.662297 5.44817004810061e-23 4.60059224473832e-23 6.2957478514629e-23
139737347.950364 3.31898582273654e-23 2.63847628635941e-23 3.99949535911368e-23
177189301.655759 2.0129719312559e-23 1.47125672542507e-23 2.55468713708673e-23
