112606.251051226 1.79199637605991e-16 1.75762352954816e-16 1.82636922257165e-16
142786.615593472 1.11243773857032e-16 1.09289008944068e-16 1.13198538769997e-16
181055.824186555 6.90573687606362e-17 6.79510827287066e-17 7.01636547925657e-17
229581.822747338 4.28685625675329e-17 4.22451592787141e-17 4.34919658563516e-17
291113.603071291 2.66109846903255e-17 2.62607231510196e-17 2.69612462296313e-17
369136.932876502 1.65186387846084e-17 1.63218827848418e-17 1.67153947843749e-17
468071.824112259 1.02536035215183e-17 1.01425668440017e-17 1.03646401990349e-17
593522.926087366 6.36450711166451e-18 6.30108766373389e-18 6.42792655959514e-18
752597.028157849 3.95034720969545e-18 3.91333793024417e-18 3.98735648914673e-18
954305.65846188 2.45178982448083e-18 2.42952458400214e-18 2.47405506495952e-18
1210075.58587031 1.52160752519521e-18 1.50773870510736e-18 1.53547634528307e-18
1534396.14502492 9.44247495878735e-19 9.35329886969432e-19 9.53165104788038e-19
1945640.05534746 5.85899483451202e-19 5.80031472854087e-19 5.91767494048317e-19
2467104.23331454 3.63498112347809e-19 3.59586649143709e-19 3.67409575551908e-19
3128329.55988436 2.2547965927285e-19 2.22861027845361e-19 2.28098290700339e-19
3966774.36773649 1.39835988271778e-19 1.38085642309169e-19 1.41586334234387e-19
5029936.45116879 8.66985483292181e-20 8.55345731246987e-20 8.78625235337375e-20
6378043.81024912 5.37346173918958e-20 5.29658708882397e-20 5.45033638955519e-20
8087466.55954362 3.32893730280847e-20 3.27852255043643e-20 3.37935205518052e-20
10255043.285628 2.0611757824069e-20 2.0282969479532e-20 2.0940546168606e-20
13003566.9409974 1.27531520150596e-20 1.25390884623799e-20 1.29672155677393e-20
16488741.0495845 7.88371424954543e-21 7.74354703225224e-21 8.02388146683863e-21
20908000.2920645 4.86800193663301e-21 4.77460822966789e-21 4.96139564359813e-21
26511695.1560098 3.00154515519265e-21 2.93729924053884e-21 3.06579106984647e-21
33617274.2599379 1.84733468954795e-21 1.80118852520701e-21 1.89348085388888e-21
42627267.7781488 1.1343320458627e-21 1.09969420753946e-21 1.16896988418595e-21
54052090.7251378 6.94478940016154e-22 6.67589541522802e-22 7.21368338509507e-22
68538957.9028144 4.23604244761942e-22 4.0233559801181e-22 4.44872891512075e-22
86908548.5386981 2.57164082441253e-22 2.40244976234493e-22 2.74083188648012e-22
110201497.662297 1.5518843190755e-22 1.41773599108766e-22 1.68603264706334e-22
139737347.950364 9.29416329244335e-23 8.24010693866445e-23 1.03482196462223e-22
177189301.655759 5.51288879065489e-23 4.69533608951727e-23 6.3304414917925e-23
