112606.251051226 1.73541675709551e-16 1.6995597634876e-16 1.77127375070342e-16
142786.615593472 1.08256857129202e-16 1.06223068786697e-16 1.10290645471707e-16
181055.824186555 6.75200200181034e-17 6.63733709945141e-17 6.86666690416928e-17
229581.822747338 4.21032157749707e-17 4.14602427639957e-17 4.27461887859456e-17
291113.603071291 2.62469122229223e-17 2.58877352476182e-17 2.66060891982263e-17
369136.932876502 1.6356460128346e-17 1.61558685533996e-17 1.65570517032925e-17
468071.824112259 1.0188444187289e-17 1.00757261644672e-17 1.03011622101108e-17
593522.926087366 6.34281824335535e-18 6.2784554338167e-18 6.407181052894e-18
752597.028157849 3.94590903612054e-18 3.90811677217608e-18 3.98370130006499e-18
954305.65846188 2.45255809028798e-18 2.42952764736621e-18 2.47558853320975e-18
1210075.58587031 1.52262778810184e-18 1.50804922837044e-18 1.53720634783324e-18
1534396.14502492 9.43923940220795e-19 9.3441857903101e-19 9.53429301410579e-19
1945640.05534746 5.84090145904922e-19 5.77788552888617e-19 5.90391738921227e-19
2467104.23331454 3.60585180323734e-19 3.56387805104673e-19 3.64782555542795e-19
3128329.55988436 2.2194684608763e-19 2.19161763033168e-19 2.24731929142092e-19
3966774.36773649 1.3610004980343e-19 1.34268662425805e-19 1.37931437181055e-19
5029936.45116879 8.30612462238397e-20 8.18707094140858e-20 8.42517830335936e-20
6378043.81024912 5.03865807385377e-20 4.96213926244892e-20 5.11517688525863e-20
8087466.55954362 3.0332235556774e-20 2.98444261249248e-20 3.08200449886232e-20
10255043.285628 1.80832035431851e-20 1.77724404113127e-20 1.83939666750574e-20
13003566.9409974 1.06487121943571e-20 1.04484744065477e-20 1.08489499821665e-20
16488741.0495845 6.17356311014741e-21 6.04133459861277e-21 6.30579162168205e-21
20908000.2920645 3.50892304468585e-21 3.41893377572789e-21 3.5989123136438e-21
26511695.1560098 1.94493804453204e-21 1.88239747696756e-21 2.00747861209652e-21
33617274.2599379 1.04426008570652e-21 1.00079304989105e-21 1.087727121522e-21
42627267.7781488 5.38488155177214e-22 5.08988772989008e-22 5.67987537365419e-22
54052090.7251378 2.63820422155209e-22 2.44694179043037e-22 2.82946665267382e-22
68538957.9028144 1.21128415121315e-22 1.09515605380564e-22 1.32741224862067e-22
86908548.5386981 5.12191529537681e-23 4.47491548742573e-23 5.76891510332788e-23
110201497.662297 1.95112701915054e-23 1.62791282324877e-23 2.2743412150523e-23
139737347.950364 6.51111593453738e-24 5.10344037388199e-24 7.91879149519276e-24
177189301.655759 1.83711172095886e-24 1.32107553396208e-24 2.35314790795564e-24
