112606.251051226 1.21515665078458e-16 1.18399766519376e-16 1.2463156363754e-16
142786.615593472 7.53288569527292e-17 7.35700088480443e-17 7.70877050574141e-17
181055.824186555 4.66906381168759e-17 4.57037179622791e-17 4.76775582714727e-17
229581.822747338 2.89348544190522e-17 2.83841362978989e-17 2.94855725402055e-17
291113.603071291 1.79273143126091e-17 1.76212790863818e-17 1.82333495388364e-17
369136.932876502 1.11041534616291e-17 1.09342728176708e-17 1.12740341055873e-17
468071.824112259 6.87541334128711e-18 6.78067167368856e-18 6.97015500888567e-18
593522.926087366 4.25513420847694e-18 4.20156249164312e-18 4.30870592531077e-18
752597.028157849 2.6319370298461e-18 2.60086215798824e-18 2.66301190170395e-18
954305.65846188 1.6267391162214e-18 1.60805741155542e-18 1.64542082088739e-18
1210075.58587031 1.00451122062078e-18 9.9283656252288e-19 1.01618587871868e-18
1534396.14502492 6.19551556504892e-19 6.1201788565483e-19 6.27085227354954e-19
1945640.05534746 3.81547023454924e-19 3.76588643898473e-19 3.86505403011375e-19
2467104.23331454 2.34526480544617e-19 2.31238720602048e-19 2.37814240487187e-19
3128329.55988436 1.43809410216641e-19 1.41633204798603e-19 1.45985615634679e-19
3966774.36773649 8.79130481570109e-20 8.64833214472716e-20 8.93427748667502e-20
5029936.45116879 5.35344922739676e-20 5.26048674973374e-20 5.44641170505978e-20
6378043.81024912 3.24396801232173e-20 3.18416980415608e-20 3.30376622048737e-20
8087466.55954362 1.95348051720082e-20 1.91533514213515e-20 1.99162589226649e-20
10255043.285628 1.16709129833198e-20 1.14280994200312e-20 1.19137265466084e-20
13003566.9409974 6.90307656676244e-21 6.74716716735942e-21 7.05898596616547e-21
16488741.0495845 4.03138871334465e-21 3.92904358649621e-21 4.13373384019308e-21
20908000.2920645 2.31664644680216e-21 2.2473437648005e-21 2.38594912880382e-21
26511695.1560098 1.30430744906142e-21 1.2560830567414e-21 1.35253184138145e-21
33617274.2599379 7.15540182751624e-22 6.81634359504526e-22 7.49446005998722e-22
42627267.7781488 3.79841487209645e-22 3.56285753182978e-22 4.03397221236312e-22
54052090.7251378 1.93399916538278e-22 1.77567207839316e-22 2.0923262523724e-22
68538957.9028144 9.33986707589646e-23 8.3294017116286e-23 1.03503324401643e-22
86908548.5386981 4.21793063404194e-23 3.61650683528054e-23 4.81935443280334e-23
110201497.662297 1.74954986951493e-23 1.4221755674649e-23 2.07692417156496e-23
139737347.950364 6.5151290148705e-24 4.92273385455427e-24 8.10752417518673e-24
177189301.655759 2.11610998370972e-24 1.44354676603247e-24 2.78867320138697e-24
