112606.251051226 2.3668065038836e-16 2.32777683069678e-16 2.40583617707041e-16
142786.615593472 1.47180654798817e-16 1.44975808252149e-16 1.49385501345486e-16
181055.824186555 9.15118558957663e-17 9.02733785605518e-17 9.27503332309808e-17
229581.822747338 5.68887262280645e-17 5.61964212424014e-17 5.75810312137277e-17
291113.603071291 3.53570825815357e-17 3.49711298170708e-17 3.57430353460007e-17
369136.932876502 2.19685588051188e-17 2.1753057950649e-17 2.21840596595887e-17
468071.824112259 1.36448297591719e-17 1.3523430703209e-17 1.37662288151348e-17
593522.926087366 8.47097854539012e-18 8.4012541337788e-18 8.54070295700143e-18
752597.028157849 5.25586317965033e-18 5.21456753081077e-18 5.2971588284899e-18
954305.65846188 3.25860101015149e-18 3.23319971981801e-18 3.28400230048496e-18
1210075.58587031 2.01840509185863e-18 2.00220780111807e-18 2.03460238259919e-18
1534396.14502492 1.2487215380567e-18 1.23812024044955e-18 1.25932283566386e-18
1945640.05534746 7.71371627406467e-19 7.64339014186787e-19 7.78404240626146e-19
2467104.23331454 4.75582458510081e-19 4.70904830123136e-19 4.80260086897026e-19
3128329.55988436 2.92501481959898e-19 2.89405094317419e-19 2.95597869602376e-19
3966774.36773649 1.79343777357768e-19 1.773128471077e-19 1.81374707607836e-19
5029936.45116879 1.0953182867378e-19 1.08214499869771e-19 1.10849157477788e-19
6378043.81024912 6.65630769590185e-20 6.57177516713144e-20 6.74084022467225e-20
8087466.55954362 4.01963194042452e-20 3.96578275197961e-20 4.07348112886943e-20
10255043.285628 2.40804516721546e-20 2.37372476031008e-20 2.44236557412085e-20
13003566.9409974 1.42802946943716e-20 1.40586239046459e-20 1.45019654840972e-20
16488741.0495845 8.3603235268849e-21 8.21310349630282e-21 8.50754355746697e-21
20908000.2920645 4.81531898297986e-21 4.71405007537907e-21 4.91658789058066e-21
26511695.1560098 2.71671755079177e-21 2.64513947736443e-21 2.7882956242191e-21
33617274.2599379 1.4930484137619e-21 1.44210522372191e-21 1.5439916038019e-21
42627267.7781488 7.93707620029192e-22 7.58032351452813e-22 8.29382888605572e-22
54052090.7251378 4.04514011417396e-22 3.80428154164039e-22 4.28599868670754e-22
68538957.9028144 1.9542700923379e-22 1.80025451589903e-22 2.10828566877677e-22
86908548.5386981 8.82246030905417e-23 7.90570005998399e-23 9.73922055812434e-23
110201497.662297 3.65474397852486e-23 3.15644348106291e-23 4.15304447598681e-23
139737347.950364 1.35762286948649e-23 1.11594687556781e-23 1.59929886340517e-23
177189301.655759 4.39204721871738e-24 3.37591055501081e-24 5.40818388242395e-24
