112606.251051226 1.80758455869069e-16 1.77243357138807e-16 1.84273554599332e-16
142786.615593472 1.12019339041298e-16 1.10027271155149e-16 1.14011406927448e-16
181055.824186555 6.94173850187408e-17 6.82941486021622e-17 7.05406214353193e-17
229581.822747338 4.30149303801988e-17 4.23844238395739e-17 4.36454369208238e-17
291113.603071291 2.66525904291687e-17 2.62997322111356e-17 2.70054486472018e-17
369136.932876502 1.65127956103626e-17 1.63153272186708e-17 1.67102640020543e-17
468071.824112259 1.02294505084733e-17 1.01183648524158e-17 1.03405361645308e-17
593522.926087366 6.3360889349937e-18 6.27276651189658e-18 6.39941135809081e-18
752597.028157849 3.92383436729102e-18 3.88688998514432e-18 3.96077874943773e-18
954305.65846188 2.42940090812559e-18 2.40714081343458e-18 2.4516610028166e-18
1210075.58587031 1.50369513831051e-18 1.48979648487701e-18 1.51759379174401e-18
1534396.14502492 9.30375362295234e-19 9.21422171588105e-19 9.39328553002364e-19
1945640.05534746 5.75374928089968e-19 5.6948241238765e-19 5.81267443792287e-19
2467104.23331454 3.55617290991098e-19 3.51696912938272e-19 3.59537669043923e-19
3128329.55988436 2.19626181157066e-19 2.17011835182799e-19 2.22240527131333e-19
3966774.36773649 1.35508339805347e-19 1.33770804864754e-19 1.3724587474594e-19
5029936.45116879 8.3505720162916e-20 8.2358600874682e-20 8.465283945115e-20
6378043.81024912 5.13797759309358e-20 5.0628548969291e-20 5.21310028925806e-20
8087466.55954362 3.15510097228116e-20 3.10628654945356e-20 3.20391539510875e-20
10255043.285628 1.93263687387046e-20 1.90108886246416e-20 1.96418488527675e-20
13003566.9409974 1.18008328032737e-20 1.15969528363811e-20 1.20047127701664e-20
16488741.0495845 7.17681965655004e-21 7.04382853582118e-21 7.30981077727889e-21
20908000.2920645 4.34251403379304e-21 4.25381303398461e-21 4.43121503360148e-21
26511695.1560098 2.61064539103987e-21 2.54941012397046e-21 2.67188065810929e-21
33617274.2599379 1.55668545271338e-21 1.51275254538972e-21 1.60061836003705e-21
42627267.7781488 9.18645037640488e-22 8.86154029788397e-22 9.51136045492579e-22
54052090.7251378 5.35033246515226e-22 5.1065604500507e-22 5.59410448025382e-22
68538957.9028144 3.06456313546822e-22 2.88208142104929e-22 3.24704484988715e-22
86908548.5386981 1.71857820544254e-22 1.58414793536805e-22 1.85300847551704e-22
110201497.662297 9.38254507436396e-23 8.41863126616664e-23 1.03464588825613e-22
139737347.950364 4.95108549659867e-23 4.28490472181668e-23 5.61726627138065e-23
177189301.655759 2.50235870421491e-23 2.06305772506518e-23 2.94165968336465e-23
