112606.251051226 2.36550149493208e-16 2.32561470367872e-16 2.40538828618543e-16
142786.615593472 1.47457575932417e-16 1.45199041341396e-16 1.49716110523439e-16
181055.824186555 9.19045685824576e-17 9.06330558902456e-17 9.31760812746697e-17
229581.822747338 5.72681909770789e-17 5.65558749470011e-17 5.79805070071566e-17
291113.603071291 3.56755833198746e-17 3.52776645073229e-17 3.60735021324262e-17
369136.932876502 2.22166273153681e-17 2.19940313485634e-17 2.24392232821728e-17
468071.824112259 1.38291105921551e-17 1.37035086420443e-17 1.39547125422658e-17
593522.926087366 8.60336346786295e-18 8.53112322957178e-18 8.67560370615413e-18
752597.028157849 5.34854072733059e-18 5.30570203724368e-18 5.3913794174175e-18
954305.65846188 3.3221029052715e-18 3.29572161868356e-18 3.34848419185944e-18
1210075.58587031 2.06109145947437e-18 2.04424947138807e-18 2.07793344756067e-18
1534396.14502492 1.2768961119894e-18 1.26586015589898e-18 1.28793206807983e-18
1945640.05534746 7.89623812521312e-19 7.8229541023527e-19 7.96952214807355e-19
2467104.23331454 4.87167799110758e-19 4.82289722661299e-19 4.92045875560216e-19
3128329.55988436 2.9968214134286e-19 2.96451739789123e-19 3.02912542896598e-19
3966774.36773649 1.83664449077593e-19 1.81545591882944e-19 1.85783306272242e-19
5029936.45116879 1.12030847438485e-19 1.10656992676304e-19 1.13404702200666e-19
6378043.81024912 6.79279535492416e-20 6.70469191932311e-20 6.8808987905252e-20
8087466.55954362 4.08752624648656e-20 4.03144127311249e-20 4.14361121986063e-20
10255043.285628 2.43606871585813e-20 2.40034285587683e-20 2.47179457583943e-20
13003566.9409974 1.43421528242819e-20 1.41115562927468e-20 1.4572749355817e-20
16488741.0495845 8.31406435644916e-21 8.16125795959321e-21 8.4668707533051e-21
20908000.2920645 4.72589449827535e-21 4.62146357602271e-21 4.83032542052799e-21
26511695.1560098 2.62023662831595e-21 2.54739576048339e-21 2.69307749614852e-21
33617274.2599379 1.40761693183484e-21 1.3568637982885e-21 1.45837006538117e-21
42627267.7781488 7.26508571601659e-22 6.92007712154559e-22 7.61009431048759e-22
54052090.7251378 3.56409356800432e-22 3.34010906887062e-22 3.78807806713801e-22
68538957.9028144 1.63945815632079e-22 1.50326174808283e-22 1.77565456455875e-22
86908548.5386981 6.95026695469196e-23 6.1899310369248e-23 7.71060287245911e-23
110201497.662297 2.65675389170865e-23 2.27583480307798e-23 3.03767298033931e-23
139737347.950364 8.90639906147457e-24 7.2407536024947e-24 1.05720445204544e-23
177189301.655759 2.52800115611196e-24 1.91404743051232e-24 3.14195488171161e-24
