112606.251051226 1.7903743421108e-16 1.75530928154265e-16 1.82543940267894e-16
142786.615593472 1.11242086012633e-16 1.09242715725415e-16 1.13241456299851e-16
181055.824186555 6.91173896381049e-17 6.79827322996694e-17 7.02520469765405e-17
229581.822747338 4.29434132037743e-17 4.2302213946438e-17 4.35846124611107e-17
291113.603071291 2.66805277521634e-17 2.63192831330079e-17 2.70417723713189e-17
369136.932876502 1.65759278189718e-17 1.63725304304941e-17 1.67793252074494e-17
468071.824112259 1.02977652375543e-17 1.01828208052685e-17 1.04127096698401e-17
593522.926087366 6.39712641884956e-18 6.33149255959077e-18 6.46276027810835e-18
752597.028157849 3.97372190131136e-18 3.93552039207272e-18 4.01192341055e-18
954305.65846188 2.46815661869544e-18 2.44529056501312e-18 2.49102267237775e-18
1210075.58587031 1.53285358016427e-18 1.51870502077286e-18 1.54700213955567e-18
1534396.14502492 9.51850341021998e-19 9.4281348721809e-19 9.60887194825905e-19
1945640.05534746 5.90963470027295e-19 5.85049271042105e-19 5.96877669012485e-19
2467104.23331454 3.66822692096777e-19 3.62895143563233e-19 3.70750240630322e-19
3128329.55988436 2.27630002838668e-19 2.25006407082518e-19 2.30253598594819e-19
3966774.36773649 1.41204260810199e-19 1.39452563830768e-19 1.42955957789629e-19
5029936.45116879 8.75526995727627e-20 8.6388402207319e-20 8.87169969382065e-20
6378043.81024912 5.42552841771617e-20 5.34865413354491e-20 5.50240270188743e-20
8087466.55954362 3.35968456836202e-20 3.30929350228036e-20 3.41007563444367e-20
10255043.285628 2.07852007691289e-20 2.04569277176787e-20 2.11134738205791e-20
13003566.9409974 1.28440442904551e-20 1.2630810533864e-20 1.30572780470461e-20
16488741.0495845 7.92510498793821e-21 7.78607796149959e-21 8.06413201437683e-21
20908000.2920645 4.88080232578391e-21 4.78881515939301e-21 4.9727894921748e-21
26511695.1560098 2.99875786086276e-21 2.93610644110715e-21 3.06140928061837e-21
33617274.2599379 1.83686778068291e-21 1.79240535540802e-21 1.88133020595781e-21
42627267.7781488 1.12085290331967e-21 1.08789644766182e-21 1.15380935897752e-21
54052090.7251378 6.80623779153747e-22 6.5535350076986e-22 7.05894057537634e-22
68538957.9028144 4.10759177087588e-22 3.91022183555231e-22 4.30496170619946e-22
86908548.5386981 2.45963832902106e-22 2.30485314514339e-22 2.61442351289873e-22
110201497.662297 1.45830651449461e-22 1.33769312378178e-22 1.57891990520744e-22
139737347.950364 8.53818922216422e-23 7.61108712234626e-23 9.46529132198218e-23
177189301.655759 4.91992629876675e-23 4.2208258778528e-23 5.6190267196807e-23
