112606.251051226 1.75430961334639e-16 1.72010515091087e-16 1.78851407578192e-16
142786.615593472 1.09285330979554e-16 1.07332946160827e-16 1.11237715798281e-16
181055.824186555 6.8077955142203e-17 6.69690403122954e-17 6.91868699721107e-17
229581.822747338 4.24069645263819e-17 4.17799435112726e-17 4.30339855414912e-17
291113.603071291 2.64149740216646e-17 2.60615823941213e-17 2.67683656492078e-17
369136.932876502 1.64528358869377e-17 1.62538001928201e-17 1.66518715810552e-17
468071.824112259 1.02471456853199e-17 1.01346095057603e-17 1.03596818648796e-17
593522.926087366 6.38159152427351e-18 6.31725573434856e-18 6.44592731419845e-18
752597.028157849 3.97383085440725e-18 3.93629028885809e-18 4.01137141995641e-18
954305.65846188 2.47418280133147e-18 2.45161588480729e-18 2.49674971785564e-18
1210075.58587031 1.5402126435248e-18 1.52616732775636e-18 1.55425795929324e-18
1534396.14502492 9.58597690151432e-19 9.49568113785037e-19 9.67627266517827e-19
1945640.05534746 5.96449782840129e-19 5.90503851482643e-19 6.02395714197615e-19
2467104.23331454 3.70989422904532e-19 3.67020448719006e-19 3.74958397090059e-19
3128329.55988436 2.30653017888379e-19 2.27991305502797e-19 2.33314730273961e-19
3966774.36773649 1.43322968339333e-19 1.41540840703716e-19 1.4510509597495e-19
5029936.45116879 8.89952658852121e-20 8.78085599068406e-20 9.01819718635836e-20
6378043.81024912 5.52116318003478e-20 5.44272424577271e-20 5.59960211429685e-20
8087466.55954362 3.4213932185115e-20 3.36994664791598e-20 3.47283978910702e-20
10255043.285628 2.11715403985672e-20 2.08362386626357e-20 2.15068421344986e-20
13003566.9409974 1.30771175222228e-20 1.28591103677067e-20 1.32951246767388e-20
16488741.0495845 8.05879283599757e-21 7.91631398517385e-21 8.20127168682129e-21
20908000.2920645 4.95174082797528e-21 4.85701651787982e-21 5.04646513807073e-21
26511695.1560098 3.03134505254893e-21 2.96635897693987e-21 3.09633112815798e-21
33617274.2599379 1.84701647879043e-21 1.8005406708061e-21 1.89349228677476e-21
42627267.7781488 1.11870810425968e-21 1.08410348466648e-21 1.15331272385289e-21
54052090.7251378 6.72480071137611e-22 6.4598747665298e-22 6.98972665622242e-22
68538957.9028144 4.00385805416327e-22 3.79871779269525e-22 4.20899831563129e-22
86908548.5386981 2.35504217835121e-22 2.19666040519652e-22 2.5134239515059e-22
110201497.662297 1.36403196123619e-22 1.24339210427194e-22 1.48467181820044e-22
139737347.950364 7.74750911431846e-23 6.84811233014452e-23 8.6469058984924e-23
177189301.655759 4.29275723159495e-23 3.64099511380672e-23 4.94451934938318e-23
