112606.251051226 2.45269218550297e-16 2.41422006766857e-16 2.49116430333737e-16
142786.615593472 1.52289287058799e-16 1.5010272712358e-16 1.54475846994018e-16
181055.824186555 9.45561256864097e-17 9.33192147233929e-17 9.57930366494266e-17
229581.822747338 5.87086898882861e-17 5.80117620300205e-17 5.94056177465517e-17
291113.603071291 3.6450666763361e-17 3.60589015660966e-17 3.68424319606253e-17
369136.932876502 2.26306147519973e-17 2.24102061726621e-17 2.28510233313325e-17
468071.824112259 1.40498516785316e-17 1.39250771972717e-17 1.41746261597915e-17
593522.926087366 8.72222910648834e-18 8.65059018942542e-18 8.79386802355126e-18
752597.028157849 5.41449977688863e-18 5.37238595474857e-18 5.45661359902868e-18
954305.65846188 3.3609156730724e-18 3.33536179878326e-18 3.38646954736154e-18
1210075.58587031 2.08601225283853e-18 2.06996596388536e-18 2.10205854179169e-18
1534396.14502492 1.29456936918725e-18 1.28418906350216e-18 1.30494967487233e-18
1945640.05534746 8.03284570646906e-19 7.96430369021634e-19 8.10138772272177e-19
2467104.23331454 4.9834705546063e-19 4.93772657561358e-19 5.02921453359902e-19
3128329.55988436 3.09094205535773e-19 3.06032837498833e-19 3.12155573572713e-19
3966774.36773649 1.91654307893189e-19 1.8961070662793e-19 1.93697909158447e-19
5029936.45116879 1.18790001109041e-19 1.17433492631059e-19 1.20146509587023e-19
6378043.81024912 7.35919248857459e-20 7.26978479199826e-20 7.44860018515093e-20
8087466.55954362 4.55630571103286e-20 4.49778943681475e-20 4.61482198525098e-20
10255043.285628 2.81874799126918e-20 2.78064996883173e-20 2.85684601370663e-20
13003566.9409974 1.74208525958425e-20 1.71730441505696e-20 1.76686610411155e-20
16488741.0495845 1.07531824357353e-20 1.05908625612808e-20 1.09155023101899e-20
20908000.2920645 6.62693723712624e-21 6.5185514990992e-21 6.73532297515329e-21
26511695.1560098 4.07578748987753e-21 4.00094946533601e-21 4.15062551441904e-21
33617274.2599379 2.50033351038412e-21 2.44636969883926e-21 2.55429732192897e-21
42627267.7781488 1.52888204499506e-21 1.4882977546577e-21 1.56946633533242e-21
54052090.7251378 9.310256490788e-22 8.99564625393498e-22 9.62486672764102e-22
68538957.9028144 5.64003271512796e-22 5.3924285327645e-22 5.88763689749142e-22
86908548.5386981 3.39411172846631e-22 3.19877724340808e-22 3.58944621352454e-22
110201497.662297 2.02546389702919e-22 1.87235993985895e-22 2.17856785419944e-22
139737347.950364 1.19591279578821e-22 1.07739388263414e-22 1.31443170894227e-22
177189301.655759 6.96645784464781e-23 6.06439877393173e-23 7.8685169153639e-23
