112606.251051226 1.19511825254183e-16 1.16432126756551e-16 1.22591523751815e-16
142786.615593472 7.42817549206639e-17 7.25254260518025e-17 7.60380837895254e-17
181055.824186555 4.61685777277979e-17 4.51719688843631e-17 4.71651865712326e-17
229581.822747338 2.86947233127334e-17 2.81318742780387e-17 2.92575723474281e-17
291113.603071291 1.78339044351037e-17 1.75172278734457e-17 1.81505809967617e-17
369136.932876502 1.10834939337236e-17 1.09056283882385e-17 1.12613594792087e-17
468071.824112259 6.88793452085436e-18 6.78782206414982e-18 6.98804697755891e-18
593522.926087366 4.28034322923969e-18 4.22351826310068e-18 4.3371681953787e-18
752597.028157849 2.65974101443228e-18 2.62692587486235e-18 2.6925561540022e-18
954305.65846188 1.6525840164624e-18 1.63311665796179e-18 1.672051374963e-18
1210075.58587031 1.02669486586744e-18 1.01474978767117e-18 1.03863994406371e-18
1534396.14502492 6.37764664131062e-19 6.30183184874627e-19 6.45346143387497e-19
1945640.05534746 3.96100127975497e-19 3.91156841045883e-19 4.01043414905112e-19
2467104.23331454 2.45954630264244e-19 2.42677234670621e-19 2.49232025857867e-19
3128329.55988436 1.52681065990032e-19 1.50492791118593e-19 1.54869340861471e-19
3966774.36773649 9.47465501033121e-20 9.32856588190825e-20 9.62074413875417e-20
5029936.45116879 5.87690866788951e-20 5.77983835562302e-20 5.97397898015601e-20
6378043.81024912 3.64325985520314e-20 3.57922341001256e-20 3.70729630039372e-20
8087466.55954362 2.25694794179726e-20 2.21503832543686e-20 2.29885755815765e-20
10255043.285628 1.39688317605788e-20 1.36964218694309e-20 1.42412416517267e-20
13003566.9409974 8.63575858653736e-21 8.45925013369386e-21 8.81226703938085e-21
16488741.0495845 5.33100698171662e-21 5.21611608062142e-21 5.44589788281181e-21
20908000.2920645 3.28486154567922e-21 3.20876349962682e-21 3.36095959173162e-21
26511695.1560098 2.01933922354372e-21 1.96720001043464e-21 2.0714784366528e-21
33617274.2599379 1.23769514612193e-21 1.20026806746775e-21 1.27512222477611e-21
42627267.7781488 7.55762146431142e-22 7.27615169226435e-22 7.83909123635849e-22
54052090.7251378 4.59288916064861e-22 4.3740170176507e-22 4.81176130364651e-22
68538957.9028144 2.77434977807964e-22 2.60143801444215e-22 2.94726154171714e-22
86908548.5386981 1.66305719118097e-22 1.52628412839207e-22 1.79983025396987e-22
110201497.662297 9.87260072204048e-23 8.8000076397858e-23 1.09451938042952e-22
139737347.950364 5.78899168098092e-23 4.96045952895185e-23 6.61752383301e-23
177189301.655759 3.34184680861619e-23 2.7144935211022e-23 3.96920009613018e-23
