112606.251051226 6.18070986952902e-17 5.93490083504301e-17 6.42651890401503e-17
142786.615593472 3.81010547005665e-17 3.67080450119154e-17 3.94940643892177e-17
181055.824186555 2.34874356265686e-17 2.27020522041602e-17 2.42728190489769e-17
229581.822747338 1.44788531463259e-17 1.40382885437765e-17 1.49194177488753e-17
291113.603071291 8.92550231966497e-18 8.67947764747827e-18 9.17152699185167e-18
369136.932876502 5.50213319489571e-18 5.3651668675592e-18 5.63909952223221e-18
468071.824112259 3.39179379260473e-18 3.31555289716409e-18 3.46803468804537e-18
593522.926087366 2.09087306205703e-18 2.04821932425701e-18 2.13352679985704e-18
752597.028157849 1.28891936215412e-18 1.26474257649782e-18 1.31309614781042e-18
954305.65846188 7.94554410782122e-19 7.805287550537e-19 8.08580066510544e-19
1210075.58587031 4.89802844873336e-19 4.81397314767418e-19 4.98208374979253e-19
1534396.14502492 3.01938620103147e-19 2.96714915965653e-19 3.07162324240642e-19
1945640.05534746 1.86129688748648e-19 1.82777128577093e-19 1.89482248920204e-19
2467104.23331454 1.14739289849233e-19 1.1253867409513e-19 1.16939905603337e-19
3128329.55988436 7.07307164371612e-20 6.92690681405572e-20 7.21923647337652e-20
3966774.36773649 4.36016763594995e-20 4.2627687456038e-20 4.45756652629609e-20
5029936.45116879 2.68780242165129e-20 2.62305757568103e-20 2.75254726762154e-20
6378043.81024912 1.65687695423665e-20 1.61408352393812e-20 1.69967038453518e-20
8087466.55954362 1.0213664889969e-20 9.93283247940754e-21 1.04944973005304e-20
10255043.285628 6.29609050192391e-21 6.11307917360896e-21 6.47910183023887e-21
13003566.9409974 3.88112648538769e-21 3.76246057199823e-21 3.99979239877715e-21
16488741.0495845 2.39244207634467e-21 2.31552761328857e-21 2.46935653940077e-21
20908000.2920645 1.47475884784848e-21 1.42449476227136e-21 1.5250229334256e-21
26511695.1560098 9.09066062878621e-22 8.75505094674193e-22 9.4262703108305e-22
33617274.2599379 5.60355136291249e-22 5.37100910637037e-22 5.83609361945461e-22
42627267.7781488 3.45400528988822e-22 3.28499107800047e-22 3.62301950177597e-22
54052090.7251378 2.12898279690598e-22 2.0002899449342e-22 2.25767564887776e-22
68538957.9028144 1.31222409406439e-22 1.21079413067386e-22 1.41365405745492e-22
86908548.5386981 8.0877366364016e-23 7.27244148878552e-23 8.90303178401769e-23
110201497.662297 4.98453456487242e-23 4.32387450361625e-23 5.64519462612859e-23
139737347.950364 3.07181538030055e-23 2.53587899825324e-23 3.60775176234786e-23
177189301.655759 1.89291551095943e-23 1.45923003929563e-23 2.32660098262324e-23
