112606.251051226 6.2691815397019e-17 6.00664251311187e-17 6.53172056629194e-17
142786.615593472 3.87367208077111e-17 3.72512670102986e-17 4.02221746051237e-17
181055.824186555 2.3933625156317e-17 2.30978834049852e-17 2.47693669076488e-17
229581.822747338 1.47863394217234e-17 1.43187486701605e-17 1.52539301732862e-17
291113.603071291 9.134198570582e-18 8.87386665679483e-18 9.39453048436917e-18
369136.932876502 5.64191385442294e-18 5.49743345608544e-18 5.78639425276045e-18
468071.824112259 3.48428976191836e-18 3.40407568071884e-18 3.56450384311787e-18
593522.926087366 2.15137251246803e-18 2.10654275497866e-18 2.1962022699574e-18
752597.028157849 1.32802829727035e-18 1.30256989888307e-18 1.35348669565762e-18
954305.65846188 8.19520875470786e-19 8.04665633887546e-19 8.34376117054026e-19
1210075.58587031 5.05517774733955e-19 4.96533981649249e-19 5.14501567818662e-19
1534396.14502492 3.11665917418179e-19 3.06029096518146e-19 3.17302738318213e-19
1945640.05534746 1.92025434221459e-19 1.88383317754041e-19 1.95667550688878e-19
2467104.23331454 1.18213968145641e-19 1.15819081526237e-19 1.20608854765045e-19
3128329.55988436 7.26981075441884e-20 7.11133087409725e-20 7.42829063474043e-20
3966774.36773649 4.46477463283516e-20 4.36009186923865e-20 4.56945739643167e-20
5029936.45116879 2.73743127856148e-20 2.66875544288082e-20 2.80610711424214e-20
6378043.81024912 1.67477999742838e-20 1.63014248677451e-20 1.71941750808226e-20
8087466.55954362 1.02186643920151e-20 9.93123801106164e-21 1.05060907729685e-20
10255043.285628 6.21350380032663e-21 6.02964138942519e-21 6.39736621122807e-21
13003566.9409974 3.76170436988121e-21 3.64404699343904e-21 3.87936174632338e-21
16488741.0495845 2.2648044063646e-21 2.18854423867552e-21 2.34106457405369e-21
20908000.2920645 1.35403813747379e-21 1.30314689413518e-21 1.40492938081241e-21
26511695.1560098 8.02359336434905e-22 7.66947487084685e-22 8.37771185785126e-22
33617274.2599379 4.70120958778117e-22 4.44458490411643e-22 4.9578342714459e-22
42627267.7781488 2.71544145102401e-22 2.52479836666378e-22 2.90608453538424e-22
54052090.7251378 1.54027068718794e-22 1.39811400051586e-22 1.68242737386003e-22
68538957.9028144 8.53825283894566e-23 7.49363475317772e-23 9.58287092471361e-23
86908548.5386981 4.59706106381295e-23 3.85120599573598e-23 5.34291613188992e-23
110201497.662297 2.38527004879806e-23 1.87383078411912e-23 2.896709313477e-23
139737347.950364 1.18096797906436e-23 8.47970653081714e-24 1.51396530504701e-23
177189301.655759 5.50967565652425e-24 3.47716363768818e-24 7.54218767536033e-24
