112606.251051226 2.3362322737928e-16 2.29704762890438e-16 2.37541691868121e-16
142786.615593472 1.45532711819027e-16 1.4330129263394e-16 1.47764131004113e-16
181055.824186555 9.06508375094683e-17 8.93864753398748e-17 9.19151996790618e-17
229581.822747338 5.64599725957412e-17 5.57466771694863e-17 5.71732680219961e-17
291113.603071291 3.51605610331638e-17 3.47592645504946e-17 3.55618575158331e-17
369136.932876502 2.18928764143002e-17 2.16670249092193e-17 2.21187279193811e-17
468071.824112259 1.36289845067407e-17 1.35011361276247e-17 1.37568328858568e-17
593522.926087366 8.48232030808016e-18 8.40893720093375e-18 8.55570341522657e-18
752597.028157849 5.27748476395266e-18 5.23435354960241e-18 5.3206159783029e-18
954305.65846188 3.28218641463311e-18 3.25601023243315e-18 3.30836259683306e-18
1210075.58587031 2.04021645536189e-18 2.02377102986769e-18 2.0566618808561e-18
1534396.14502492 1.26737798851393e-18 1.25673575967072e-18 1.27802021735713e-18
1945640.05534746 7.86641969346917e-19 7.79618128212461e-19 7.93665810481373e-19
2467104.23331454 4.87745081177494e-19 4.83066206133786e-19 4.92423956221201e-19
3128329.55988436 3.02017092335913e-19 2.98897248671968e-19 3.05136935999857e-19
3966774.36773649 1.866974111766e-19 1.8462665775633e-19 1.88768164596869e-19
5029936.45116879 1.15164087712726e-19 1.13800412343762e-19 1.1652776308169e-19
6378043.81024912 7.08466191525036e-20 6.99568474599816e-20 7.17363908450256e-20
8087466.55954362 4.34339264770275e-20 4.28584347798004e-20 4.40094181742546e-20
10255043.285628 2.65122782688038e-20 2.61422243298287e-20 2.68823322077789e-20
13003566.9409974 1.6094071040657e-20 1.58559604106039e-20 1.63321816707101e-20
16488741.0495845 9.70158489930668e-21 9.5465886718884e-21 9.85658112672495e-21
20908000.2920645 5.79644930469122e-21 5.69297714811911e-21 5.89992146126333e-21
26511695.1560098 3.42444440867942e-21 3.35289800892472e-21 3.49599080843412e-21
33617274.2599379 1.99441705968621e-21 1.94327077773804e-21 2.04556334163437e-21
42627267.7781488 1.14071544832864e-21 1.10345458149993e-21 1.17797631515734e-21
54052090.7251378 6.37626452851639e-22 6.10504260704545e-22 6.64748644998732e-22
68538957.9028144 3.46186585295231e-22 3.26822742650073e-22 3.65550427940389e-22
86908548.5386981 1.81142331127145e-22 1.67791972753859e-22 1.94492689500431e-22
110201497.662297 9.04478079531885e-23 8.16823859745073e-23 9.92132299318697e-23
139737347.950364 4.2559380673879e-23 3.71565397446294e-23 4.79622216031286e-23
177189301.655759 1.85738534730282e-23 1.54983807039561e-23 2.16493262421003e-23
