112606.251051226 6.30821070965046e-17 6.05651471796819e-17 6.55990670133274e-17
142786.615593472 3.8875434248946e-17 3.74499342909434e-17 4.03009342069486e-17
181055.824186555 2.39576535305875e-17 2.31544926254532e-17 2.47608144357219e-17
229581.822747338 1.4764313631723e-17 1.4314113739376e-17 1.521451352407e-17
291113.603071291 9.0987595419947e-18 8.84756483202379e-18 9.34995425196562e-18
369136.932876502 5.6072644902525e-18 5.46755095618993e-18 5.74697802431506e-18
468071.824112259 3.45557087684765e-18 3.37788099767921e-18 3.53326075601608e-18
593522.926087366 2.12955300028794e-18 2.08613584398057e-18 2.17297015659532e-18
752597.028157849 1.31237199810266e-18 1.2877881905712e-18 1.33695580563412e-18
954305.65846188 8.08770444721564e-19 7.94520705179378e-19 8.23020184263749e-19
1210075.58587031 4.98417582500027e-19 4.89881981665802e-19 5.06953183334253e-19
1534396.14502492 3.07157510357855e-19 3.01853615232062e-19 3.12461405483648e-19
1945640.05534746 1.89290381144993e-19 1.85885989131107e-19 1.92694773158878e-19
2467104.23331454 1.16652882292986e-19 1.1441796014987e-19 1.18887804436101e-19
3128329.55988436 7.18888928555793e-20 7.04044652728839e-20 7.33733204382748e-20
3966774.36773649 4.43024094707188e-20 4.33134369422603e-20 4.52913819991772e-20
5029936.45116879 2.7301840331932e-20 2.6644685362855e-20 2.7958995301009e-20
6378043.81024912 1.68250072730472e-20 1.63908859333136e-20 1.72591286127808e-20
8087466.55954362 1.0368526204957e-20 1.00837975020642e-20 1.06532549078499e-20
10255043.285628 6.38964616031255e-21 6.20418173971316e-21 6.57511058091195e-21
13003566.9409974 3.93762238345948e-21 3.8173736569881e-21 4.05787110993086e-21
16488741.0495845 2.42654372862612e-21 2.34853965725845e-21 2.50454779999379e-21
20908000.2920645 1.49533370490866e-21 1.444235775363e-21 1.54643163445432e-21
26511695.1560098 9.21473772989491e-22 8.87199115285897e-22 9.55748430693085e-22
33617274.2599379 5.67833894807487e-22 5.43925958583051e-22 5.91741831031923e-22
42627267.7781488 3.49905988750747e-22 3.32400794224072e-22 3.67411183277423e-22
54052090.7251378 2.15611018542189e-22 2.02199664020731e-22 2.29022373063647e-22
68538957.9028144 1.32854793420462e-22 1.2224277021575e-22 1.43466816625174e-22
86908548.5386981 8.18590392613598e-23 7.33126686744989e-23 9.04054098482207e-23
110201497.662297 5.04353078647701e-23 4.35059917996602e-23 5.73646239298799e-23
139737347.950364 3.10724570600801e-23 2.54523871232492e-23 3.66925269969111e-23
177189301.655759 1.91417719423183e-23 1.4596500658061e-23 2.36870432265755e-23
