112606.251051226 6.12317831551387e-17 5.8673234628086e-17 6.37903316821914e-17
142786.615593472 3.80215491601052e-17 3.65633220510118e-17 3.94797762691986e-17
181055.824186555 2.36086045111877e-17 2.27820346628824e-17 2.4435174359493e-17
229581.822747338 1.46586883914269e-17 1.41927272669811e-17 1.51246495158727e-17
291113.603071291 9.10122778918483e-18 8.83987006471172e-18 9.36258551365793e-18
369136.932876502 5.65040517268172e-18 5.5043482038596e-18 5.79646214150384e-18
468071.824112259 3.50773811143695e-18 3.42618040036606e-18 3.58929582250784e-18
593522.926087366 2.17737939941144e-18 2.13163266187463e-18 2.22312613694825e-18
752597.028157849 1.35141753040912e-18 1.32542558916855e-18 1.37740947164968e-18
954305.65846188 8.38647915053777e-19 8.23526297728518e-19 8.53769532379036e-19
1210075.58587031 5.20339714421791e-19 5.11241044514505e-19 5.29438384329077e-19
1534396.14502492 3.2276709896354e-19 3.17082385164845e-19 3.28451812762236e-19
1945640.05534746 2.00151283133516e-19 1.96480737839589e-19 2.03821828427443e-19
2467104.23331454 1.24067674899522e-19 1.21644496557368e-19 1.26490853241676e-19
3128329.55988436 7.68678611576361e-20 7.52510186642287e-20 7.84847036510435e-20
3966774.36773649 4.75947943054126e-20 4.65142182610134e-20 4.86753703498118e-20
5029936.45116879 2.94462401305451e-20 2.87271147603502e-20 3.016536550074e-20
6378043.81024912 1.81996784288612e-20 1.77246403789349e-20 1.86747164787875e-20
8087466.55954362 1.12342491714544e-20 1.09230989791669e-20 1.15453993637419e-20
10255043.285628 6.92344916412159e-21 6.72114631310207e-21 7.12575201514111e-21
13003566.9409974 4.25805204155062e-21 4.12697400102753e-21 4.38913008207372e-21
16488741.0495845 2.6119862696158e-21 2.52666554080447e-21 2.69730699842713e-21
20908000.2920645 1.59698124522588e-21 1.54045581946984e-21 1.65350667098192e-21
26511695.1560098 9.72331178774384e-22 9.33612072869558e-22 1.01105028467921e-21
33617274.2599379 5.8888128687572e-22 5.6116557916527e-22 6.1659699458617e-22
42627267.7781488 3.54261350109912e-22 3.33581653959828e-22 3.74941046259997e-22
54052090.7251378 2.11310134328961e-22 1.954603961353e-22 2.27159872522622e-22
68538957.9028144 1.24688354207322e-22 1.12432775971065e-22 1.36943932443578e-22
86908548.5386981 7.25743592134561e-23 6.31557139831039e-23 8.19930044438084e-23
110201497.662297 4.15143313723719e-23 3.43973107024531e-23 4.86313520422907e-23
139737347.950364 2.32299831277792e-23 1.79852411314064e-23 2.8474725124152e-23
177189301.655759 1.26407383007201e-23 8.89869310649019e-24 1.638278349495e-23
